100 1892
0 7
0 12
0 16
0 21
0 25
0 28
0 29
0 35
0 36
0 47
0 55
0 57
0 62
0 68
0 72
0 81
0 84
0 94
0 95
0 97
0 98
1 0
1 5
1 6
1 17
1 19
1 20
1 21
1 23
1 25
1 27
1 28
1 34
1 38
1 39
1 42
1 47
1 50
1 65
1 69
1 77
1 80
2 0
2 12
2 19
2 20
2 21
2 28
2 29
2 37
2 38
2 41
2 47
2 52
2 56
2 57
2 78
2 87
3 0
3 5
3 15
3 37
3 42
3 43
3 47
3 49
3 58
3 59
3 61
3 65
3 66
3 72
3 79
3 82
3 88
3 95
3 96
4 8
4 20
4 22
4 24
4 27
4 28
4 35
4 37
4 38
4 46
4 48
4 52
4 58
4 60
4 62
4 71
4 74
4 75
4 86
4 87
4 93
4 96
5 8
5 29
5 34
5 35
5 38
5 44
5 52
5 54
5 56
5 61
5 62
5 63
5 64
5 70
5 77
5 91
5 97
5 98
5 99
6 2
6 5
6 20
6 21
6 22
6 23
6 28
6 31
6 33
6 43
6 62
6 70
6 75
6 81
6 84
6 86
6 92
6 93
7 12
7 29
7 32
7 33
7 37
7 38
7 39
7 46
7 47
7 59
7 60
7 61
7 63
7 70
7 75
7 76
7 96
7 97
7 98
8 2
8 3
8 19
8 23
8 24
8 41
8 43
8 47
8 58
8 63
8 69
8 72
8 73
8 77
8 81
8 82
8 87
9 10
9 12
9 22
9 25
9 36
9 48
9 53
9 61
9 69
9 70
9 75
9 92
9 93
10 9
10 13
10 15
10 22
10 29
10 30
10 32
10 36
10 39
10 47
10 53
10 55
10 61
10 63
10 68
10 69
10 70
10 77
10 81
10 85
10 89
11 1
11 5
11 6
11 8
11 19
11 22
11 24
11 32
11 35
11 43
11 51
11 57
11 62
11 71
11 73
11 80
11 88
11 92
11 98
12 0
12 11
12 15
12 20
12 21
12 29
12 30
12 31
12 32
12 37
12 39
12 48
12 49
12 51
12 56
12 57
12 73
12 82
12 90
12 99
13 5
13 8
13 14
13 32
13 36
13 37
13 38
13 39
13 46
13 54
13 57
13 64
13 66
13 77
13 79
13 86
13 89
13 92
14 0
14 3
14 8
14 10
14 16
14 19
14 20
14 25
14 31
14 32
14 39
14 44
14 46
14 47
14 51
14 53
14 58
14 65
14 68
14 71
14 75
14 82
14 97
15 2
15 3
15 6
15 16
15 21
15 28
15 32
15 39
15 40
15 41
15 48
15 50
15 57
15 58
15 61
15 66
15 67
15 71
15 72
15 83
16 2
16 11
16 13
16 14
16 15
16 21
16 25
16 27
16 32
16 34
16 35
16 45
16 46
16 53
16 54
16 60
16 61
16 72
16 74
16 83
16 87
16 88
16 91
16 95
16 96
17 2
17 4
17 7
17 19
17 20
17 35
17 45
17 48
17 49
17 58
17 62
17 79
17 80
17 81
17 89
17 93
17 97
17 98
17 99
18 4
18 20
18 26
18 37
18 38
18 41
18 44
18 50
18 57
18 63
18 65
18 85
18 89
18 92
19 9
19 10
19 11
19 15
19 18
19 22
19 27
19 31
19 37
19 40
19 50
19 56
19 63
19 69
19 83
19 93
19 94
19 96
19 97
20 2
20 10
20 12
20 13
20 14
20 18
20 28
20 29
20 30
20 32
20 35
20 37
20 38
20 43
20 47
20 51
20 55
20 60
20 67
20 70
20 73
20 75
20 76
20 84
20 93
21 6
21 9
21 10
21 12
21 13
21 15
21 16
21 17
21 28
21 40
21 47
21 48
21 49
21 50
21 51
21 57
21 60
21 74
21 75
21 76
21 79
21 82
21 96
21 98
22 21
22 23
22 26
22 36
22 41
22 57
22 58
22 70
22 74
22 80
22 81
22 87
22 95
22 96
23 7
23 17
23 24
23 36
23 47
23 65
23 75
23 87
23 92
23 93
23 94
23 96
23 99
24 0
24 4
24 22
24 23
24 31
24 32
24 41
24 54
24 61
24 64
24 82
24 86
25 1
25 13
25 21
25 29
25 34
25 39
25 43
25 44
25 50
25 51
25 55
25 57
25 60
25 72
25 81
25 85
25 94
25 97
26 0
26 2
26 4
26 5
26 12
26 19
26 29
26 30
26 32
26 34
26 35
26 48
26 50
26 51
26 73
26 75
26 81
26 82
26 88
26 93
27 5
27 8
27 9
27 12
27 21
27 26
27 54
27 58
27 59
27 72
27 81
27 84
27 97
28 12
28 13
28 14
28 15
28 22
28 38
28 40
28 42
28 49
28 51
28 63
28 66
28 73
28 80
28 93
28 99
29 4
29 9
29 13
29 14
29 15
29 25
29 37
29 39
29 40
29 41
29 49
29 57
29 63
29 73
29 77
29 78
29 91
29 96
29 99
30 2
30 4
30 11
30 12
30 13
30 22
30 24
30 25
30 29
30 33
30 37
30 42
30 44
30 45
30 52
30 54
30 58
30 61
30 66
30 79
30 80
30 81
30 84
30 86
30 89
30 94
30 95
30 98
31 6
31 12
31 20
31 22
31 35
31 55
31 58
31 60
31 68
31 72
31 73
31 75
31 81
31 89
31 90
31 93
31 95
32 1
32 6
32 8
32 10
32 12
32 16
32 17
32 29
32 30
32 31
32 34
32 35
32 38
32 48
32 49
32 51
32 52
32 58
32 61
32 76
32 85
33 7
33 10
33 11
33 12
33 17
33 19
33 25
33 26
33 27
33 29
33 30
33 36
33 39
33 43
33 50
33 52
33 53
33 54
33 58
33 62
33 71
33 75
33 76
33 89
33 91
34 2
34 5
34 14
34 20
34 21
34 27
34 29
34 46
34 57
34 61
34 69
34 72
34 76
34 77
34 83
34 85
34 87
34 88
34 91
34 94
34 95
34 97
34 98
34 99
35 5
35 13
35 17
35 19
35 25
35 48
35 51
35 62
35 68
35 73
35 74
35 75
35 77
35 82
35 83
35 94
35 95
36 1
36 2
36 4
36 8
36 14
36 15
36 19
36 20
36 24
36 38
36 39
36 48
36 49
36 55
36 58
36 66
36 71
36 76
36 77
36 83
36 85
36 93
37 1
37 9
37 10
37 11
37 22
37 26
37 31
37 36
37 38
37 44
37 47
37 51
37 60
37 61
37 65
37 69
37 71
37 73
37 75
37 83
37 84
37 87
37 90
37 93
38 2
38 8
38 14
38 30
38 34
38 46
38 53
38 55
38 61
38 70
38 71
38 74
38 80
38 85
39 14
39 17
39 19
39 24
39 25
39 26
39 33
39 43
39 53
39 65
39 66
39 70
39 75
39 77
39 81
39 84
39 88
39 94
39 97
39 99
40 5
40 11
40 19
40 21
40 30
40 34
40 35
40 42
40 44
40 48
40 50
40 56
40 60
40 70
40 71
40 80
40 82
40 97
40 98
41 4
41 6
41 9
41 11
41 17
41 18
41 24
41 27
41 32
41 33
41 38
41 40
41 45
41 48
41 49
41 51
41 56
41 68
42 1
42 3
42 16
42 20
42 26
42 31
42 32
42 34
42 46
42 52
42 54
42 65
42 66
42 67
42 70
42 74
42 75
42 76
42 79
42 81
42 89
43 9
43 12
43 20
43 31
43 32
43 55
43 59
43 71
43 78
43 84
43 86
43 90
43 91
43 99
44 1
44 5
44 8
44 9
44 14
44 17
44 20
44 36
44 38
44 46
44 49
44 50
44 53
44 55
44 56
44 77
44 78
44 84
44 85
44 86
44 99
45 4
45 14
45 15
45 19
45 29
45 36
45 39
45 43
45 44
45 58
45 61
45 66
45 71
45 79
45 80
45 82
45 91
45 96
46 0
46 1
46 4
46 9
46 10
46 12
46 14
46 15
46 19
46 22
46 24
46 34
46 36
46 41
46 52
46 53
46 57
46 65
46 70
46 72
46 77
46 79
46 93
47 8
47 12
47 15
47 16
47 17
47 18
47 19
47 21
47 24
47 42
47 45
47 52
47 59
47 64
47 68
47 74
47 79
47 83
47 88
48 0
48 1
48 3
48 14
48 17
48 24
48 25
48 30
48 40
48 41
48 52
48 55
48 58
48 60
48 66
48 70
48 73
48 78
48 81
48 86
48 87
48 90
48 91
48 94
48 95
48 96
49 10
49 12
49 18
49 34
49 36
49 38
49 52
49 64
49 65
49 69
49 80
49 83
49 88
49 91
49 94
49 95
49 97
50 3
50 12
50 13
50 23
50 30
50 37
50 47
50 52
50 61
50 65
50 69
50 77
50 81
51 0
51 4
51 9
51 11
51 17
51 32
51 34
51 42
51 43
51 49
51 53
51 57
51 68
51 73
51 76
51 83
51 93
51 94
51 98
52 1
52 6
52 12
52 13
52 28
52 36
52 38
52 48
52 54
52 60
52 63
52 67
52 70
52 71
52 72
52 80
52 81
52 91
52 94
52 98
53 5
53 6
53 19
53 24
53 36
53 40
53 50
53 51
53 70
53 85
53 88
53 91
53 96
53 99
54 2
54 6
54 8
54 11
54 15
54 17
54 20
54 25
54 27
54 31
54 34
54 42
54 49
54 51
54 52
54 56
54 59
54 67
54 68
54 69
54 74
54 76
54 78
54 81
54 94
54 96
55 0
55 7
55 8
55 10
55 22
55 24
55 28
55 29
55 40
55 46
55 48
55 51
55 53
55 54
55 56
55 57
55 63
55 65
55 73
55 76
55 83
55 90
55 99
56 4
56 16
56 23
56 29
56 37
56 38
56 41
56 50
56 55
56 61
56 69
56 70
56 78
56 91
56 93
56 98
57 6
57 8
57 10
57 12
57 15
57 19
57 31
57 33
57 38
57 42
57 44
57 48
57 50
57 65
57 67
57 68
57 70
57 74
57 96
57 97
57 99
58 0
58 1
58 4
58 9
58 11
58 28
58 31
58 33
58 36
58 39
58 47
58 51
58 52
58 70
58 74
58 76
58 77
58 78
58 83
58 89
58 91
58 94
58 95
58 97
59 0
59 17
59 18
59 29
59 34
59 53
59 61
59 73
59 79
59 83
59 94
60 5
60 7
60 8
60 10
60 12
60 21
60 26
60 34
60 36
60 38
60 44
60 46
60 49
60 51
60 55
60 56
60 57
60 58
60 61
60 62
60 64
60 66
60 67
60 71
60 80
60 86
60 88
60 92
60 97
61 6
61 11
61 29
61 30
61 34
61 39
61 40
61 52
61 53
61 60
61 63
61 85
61 88
61 91
61 98
62 8
62 13
62 20
62 22
62 29
62 30
62 37
62 54
62 57
62 84
62 88
62 92
62 96
62 99
63 5
63 7
63 13
63 18
63 21
63 22
63 28
63 33
63 38
63 39
63 47
63 58
63 59
63 73
63 81
63 87
63 90
63 98
64 5
64 11
64 15
64 17
64 22
64 29
64 48
64 49
64 59
64 67
64 69
64 76
64 79
64 91
64 92
64 97
64 99
65 1
65 3
65 16
65 18
65 22
65 24
65 25
65 35
65 41
65 43
65 54
65 55
65 61
65 70
65 73
65 74
65 80
66 0
66 1
66 5
66 15
66 16
66 17
66 24
66 25
66 34
66 36
66 40
66 41
66 44
66 46
66 52
66 53
66 58
66 70
66 75
66 77
66 78
66 90
66 92
66 94
66 96
66 98
67 7
67 15
67 17
67 19
67 22
67 24
67 27
67 39
67 46
67 47
67 58
67 81
67 94
68 1
68 8
68 16
68 27
68 31
68 32
68 33
68 34
68 36
68 42
68 44
68 46
68 48
68 54
68 62
68 73
68 84
68 89
68 94
68 95
69 1
69 10
69 26
69 28
69 32
69 42
69 43
69 48
69 63
69 71
69 79
69 86
69 91
69 92
69 97
70 8
70 22
70 26
70 28
70 33
70 38
70 41
70 42
70 45
70 46
70 49
70 55
70 62
70 68
70 71
70 78
70 85
70 93
70 95
71 12
71 14
71 19
71 21
71 24
71 34
71 37
71 49
71 57
71 59
71 60
71 62
71 65
71 66
71 81
71 85
71 88
72 1
72 12
72 15
72 18
72 22
72 27
72 33
72 37
72 46
72 47
72 64
72 66
72 77
72 83
72 87
72 94
72 95
72 96
72 97
72 99
73 13
73 16
73 21
73 29
73 33
73 45
73 47
73 49
73 52
73 53
73 55
73 57
73 58
73 64
73 65
73 72
73 82
73 92
74 1
74 5
74 11
74 12
74 21
74 27
74 36
74 43
74 47
74 54
74 66
74 78
74 85
74 89
75 0
75 1
75 5
75 13
75 14
75 29
75 34
75 36
75 53
75 55
75 65
75 67
75 68
75 71
75 76
75 80
75 88
75 90
75 92
75 97
76 9
76 10
76 11
76 16
76 24
76 36
76 41
76 42
76 49
76 52
76 59
76 60
76 63
76 67
76 69
76 73
76 82
76 88
76 89
76 91
76 95
76 97
77 0
77 7
77 14
77 21
77 22
77 38
77 41
77 43
77 45
77 47
77 50
77 56
77 58
77 61
77 74
77 83
77 95
78 7
78 13
78 15
78 41
78 44
78 52
78 54
78 72
78 80
78 87
79 4
79 12
79 19
79 22
79 25
79 28
79 29
79 38
79 48
79 49
79 51
79 53
79 61
79 64
79 84
79 85
79 88
79 89
79 91
79 94
79 95
80 3
80 17
80 23
80 25
80 34
80 35
80 36
80 42
80 47
80 52
80 59
80 62
80 64
80 65
80 69
80 70
80 82
80 93
80 95
81 4
81 10
81 21
81 23
81 28
81 32
81 42
81 52
81 54
81 59
81 62
81 66
81 73
81 76
81 78
81 79
81 83
81 85
82 5
82 7
82 13
82 26
82 28
82 34
82 36
82 42
82 44
82 45
82 46
82 49
82 60
82 67
82 68
82 70
82 73
82 80
82 88
82 89
82 92
83 0
83 15
83 20
83 22
83 25
83 26
83 40
83 45
83 52
83 59
83 61
83 64
83 65
83 73
83 75
83 79
83 81
83 84
83 91
83 93
83 94
83 95
84 8
84 18
84 20
84 23
84 24
84 26
84 29
84 37
84 52
84 54
84 62
84 67
84 68
84 70
84 71
84 72
84 76
84 77
84 91
84 98
85 1
85 4
85 7
85 10
85 14
85 21
85 23
85 25
85 33
85 37
85 42
85 64
85 71
85 72
85 83
85 88
85 94
85 96
85 97
86 5
86 7
86 8
86 11
86 17
86 21
86 26
86 39
86 41
86 42
86 66
86 73
86 75
86 76
86 83
86 89
86 96
86 99
87 0
87 12
87 23
87 25
87 35
87 38
87 46
87 48
87 54
87 58
87 69
87 74
87 81
87 89
87 91
87 92
87 94
88 1
88 9
88 18
88 39
88 48
88 51
88 53
88 54
88 59
88 64
88 73
88 75
88 82
88 86
88 92
88 94
88 98
89 1
89 8
89 9
89 11
89 19
89 21
89 32
89 33
89 37
89 42
89 50
89 51
89 60
89 69
89 71
89 73
89 77
89 79
89 83
89 87
89 91
90 1
90 3
90 5
90 6
90 11
90 24
90 32
90 34
90 35
90 41
90 47
90 51
90 54
90 64
90 73
90 77
90 78
90 86
90 87
90 88
90 92
90 99
91 3
91 4
91 9
91 11
91 25
91 30
91 32
91 41
91 43
91 54
91 61
91 69
91 71
91 81
91 87
91 90
91 92
91 94
91 96
92 0
92 1
92 15
92 19
92 23
92 24
92 33
92 47
92 58
92 59
92 65
92 77
92 80
92 83
92 84
92 85
92 91
92 95
92 97
93 3
93 11
93 19
93 21
93 26
93 28
93 32
93 41
93 47
93 56
93 60
93 64
93 65
93 66
93 67
93 70
93 78
93 85
94 2
94 8
94 9
94 13
94 15
94 16
94 22
94 24
94 35
94 49
94 57
94 58
94 60
94 67
94 68
94 71
94 75
94 82
94 92
94 93
94 95
95 0
95 1
95 9
95 10
95 11
95 21
95 24
95 29
95 34
95 39
95 46
95 49
95 52
95 72
95 78
95 90
96 0
96 3
96 14
96 21
96 25
96 29
96 32
96 38
96 42
96 46
96 58
96 60
96 61
96 62
96 65
96 68
96 69
96 74
96 81
96 86
96 87
96 90
96 97
97 2
97 19
97 24
97 25
97 30
97 38
97 40
97 43
97 44
97 47
97 58
97 59
97 61
97 91
98 0
98 12
98 27
98 40
98 44
98 47
98 49
98 57
98 58
98 60
98 64
98 68
98 70
98 71
98 83
99 0
99 3
99 5
99 10
99 18
99 20
99 23
99 34
99 38
99 45
99 46
99 49
99 58
99 60
99 67
99 70
99 79
99 80
99 91
