17299
2607
23910
27215
31959
29346
15755
31398
16836
10569
21389
11257
28670
839
5587
31140
14781
15615
5636
6728
30838
4650
2246
30841
4792
7206
31436
9143
31060
27281
22287
19872
32704
2583
8795
10083
5053
28040
4110
13176
6200
27950
21533
24463
26478
20573
22103
31430
16468
5451
10990
23582
9014
27426
29747
19760
24990
4692
4513
3356
25975
5935
16413
32707
29554
6833
3964
23862
27817
7581
20806
30061
21379
462
25785
23613
6103
13772
1041
4484
28244
16029
30471
31143
14112
5086
20120
14910
14271
530
3591
20237
11319
1849
25893
27447
29553
23973
24528
31406
23267
10505
11962
22510
19820
31187
28012
2539
27007
6843
2442
7751
17028
23708
12120
29641
20859
21635
24445
2315
22755
16390
4615
9074
16346
984
2736
25187
10373
30874
16991
4788
17842
31219
2546
22113
13244
27618
19003
29825
22703
10835
1352
25976
4013
5873
31976
28525
9105
14652
8810
26367
23761
9435
13224
26675
9897
6707
10565
7089
3958
5432
23090
23601
10336
16003
30839
20528
2107
29350
19248
19431
30127
21436
18901
3965
31895
6468
31935
13692
29352
4655
18152
25986
12115
3383
31987
7993
31468
7027
28012
12680
30987
24872
15952
12811
4659
26851
17360
2241
8369
11460
13394
25605
25799
18973
23993
10432
1034
4924
16358
13020
6153
29572
12414
31228
4143
22979
27630
28266
27371
7359
14253
8784
2573
3602
31169
4908
9844
12088
27013
10110
9958
15591
15785
13507
24127
1182
31610
8615
29902
14465
19300
30839
252
13668
30389
32213
4910
28454
29347
8111
14573
30528
7313
20594
15173
20893
2958
8826
7274
2989
6943
14286
6306
18869
4926
23050
11870
15977
4514
20124
29098
16572
6209
15155
11976
29687
25876
11893
8216
13832
30490
8433
15164
18461
25759
596
22904
25970
26302
9951
16223
15463
15909
10520
18348
32214
21784
5056
13678
30371
17081
26630
29032
26517
4998
21498
14007
3940
31523
11588
29365
6931
21338
1046
23582
28799
3168
25183
1393
1849
29273
2882
28313
17297
27679
20166
22989
2035
5951
17871
26549
28791
25925
2637
16078
27827
7738
16307
16911
11220
27754
32683
6861
3821
21867
32519
6620
5518
17498
32507
13303
30873
2408
24202
7521
26449
29333
24639
18637
6836
25020
30749
19836
13067
976
13784
30885
5055
3429
8006
3609
12654
8306
3856
31783
1598
16213
27565
1725
8305
28951
19089
11729
32570
31474
21409
21247
12751
21264
30955
25204
27840
12438
22164
778
2439
23777
20241
4532
9312
10767
14234
27677
19547
12994
10460
20108
31151
18208
18415
18699
15953
11039
7047
4040
25797
2559
16750
10939
28981
17176
6194
18569
14528
29653
12571
14505
788
25345
7775
20677
27199
12609
29081
16739
27842
29410
32376
7620
26087
5845
13748
6924
24661
16120
11335
19108
30434
28056
8921
21469
14248
11315
8572
28886
15707
3970
31641
12959
29402
15542
20522
20638
13571
21507
23082
1842
18124
25691
9546
18839
19343
19580
31462
19210
15270
11564
6967
9005
1848
20675
5834
4524
23378
11243
23601
9505
15674
23460
19960
18741
28672
17547
29915
8
22613
14171
8757
19156
21152
16052
5820
1485
12111
31259
364
15179
18795
10819
27329
12842
27504
21130
24617
15217
30299
5063
29625
819
32516
9283
25631
26803
21934
2309
216
8651
11229
29779
7843
11663
19560
28021
12341
23085
6606
9660
22318
25112
18125
7875
332
25701
32049
1525
26078
15477
26347
26959
30588
31956
19810
10599
7670
4449
17166
19630
19594
19631
2882
6130
18522
25772
13385
4135
13085
8832
6069
18790
11796
18872
13556
10038
10559
31396
6692
29195
13010
5117
20264
26124
23267
22475
30460
7961
32613
22406
6981
1549
5209
27516
22061
9024
15427
14706
20077
31313
17627
3726
14763
21282
23558
4213
22791
5155
4356
2480
9201
4564
30187
21844
5437
30597
30036
11746
20089
11616
12372
25452
1406
24490
30894
15609
28741
2886
15174
2347
8956
13179
28377
8735
5209
9463
23276
26773
15407
27155
19202
31313
63
21592
530
10177
25424
16194
568
27871
10882
28741
31915
29017
27871
14350
32239
21487
16691
14603
10828
17693
32285
30509
7806
13563
16487
5357
18606
6241
11155
24973
19873
2382
6326
7328
20016
18059
10122
4812
8440
22155
26046
30671
21586
20886
144
8640
3206
5927
13470
2455
4667
29330
28665
13552
9522
29417
23164
27916
26420
31265
14428
26393
29513
18289
23295
16819
29995
251
5138
31658
21754
174
24278
18438
19249
26731
13242
25416
28889
16742
14895
19955
8189
10960
19640
4171
14429
23475
832
27485
7270
31773
14257
6975
31330
6528
14530
3737
13805
14937
7953
14180
1448
21776
30833
22770
6449
11807
15749
30511
23378
24951
17806
19238
9336
6943
11393
24775
29031
17183
24413
16871
29229
8348
17083
21128
1364
14404
10150
16987
29532
27117
686
14211
32361
4472
6456
5788
6712
12028
6424
3068
24663
23073
20066
14904
5270
1225
27516
12778
19897
20726
6008
5810
5743
32232
13985
5499
6792
12421
8532
4096
13410
6910
15634
8590
28324
18352
11218
24843
20015
2888
1436
1079
30802
25131
20563
18482
2365
15637
10707
17215
11961
255
22588
967
23318
15943
13452
8353
9316
25355
9076
7824
9190
27861
4196
20237
27075
23934
7913
3143
22783
30540
1592
30313
32682
1118
19211
5659
16215
11594
19371
2123
22992
8964
21070
5933
13832
8194
8612
25728
29009
1181
12205
2324
4303
4795
717
19849
26413
3243
25890
24665
654
15184
25109
11545
14023
8066
16943
14587
6091
21169
31023
10392
30822
23243
14937
21228
16687
30048
10000
1442
13240
7685
19367
24210
28167
21494
24181
24201
16970
25343
29991
6472
14022
13212
9306
9935
16913
26207
15722
14811
6017
16018
7812
32685
6116
8222
18691
11533
14961
9387
12793
23695
511
3081
267
8725
21109
3022
12675
30613
14978
16961
18848
26396
1422
20599
7216
5651
10736
24508
18529
5570
26465
5685
27605
7442
10672
16067
15092
3991
952
10281
29574
30157
22160
32626
23937
19106
30977
10637
19999
16949
29501
24635
24884
28126
8909
5675
23743
24942
23244
26210
29375
15800
21587
4833
21832
17488
820
22146
20693
22674
8939
3620
24800
4582
4049
32007
29360
17219
16531
12409
19059
7154
29667
18099
16012
17813
26221
7422
15662
9063
9485
10522
20522
5829
20287
479
4869
27886
24023
23333
20302
23047
16882
30946
13102
9570
28716
23954
22081
27391
11283
14300
164
5715
10204
21362
26704
31305
19541
4409
22694
10887
15643
10922
30794
31218
27917
17528
8501
17012
22272
5234
32518
23037
11957
7852
26521
22727
7688
19929
8667
5343
25193
27388
3805
30433
24208
14400
26919
3074
29805
13091
3662
31060
15198
16858
1737
13382
26277
20465
16384
9322
28697
7731
11430
4732
23323
18889
16201
2207
9164
20134
29479
2025
11902
2338
22340
14114
19304
31460
20409
28361
8861
22278
335
18008
7231
6516
6988
1738
6383
11669
29581
9817
3721
26670
10453
12684
23822
22659
16229
17777
28642
13503
27597
32551
32568
26005
1
1184
1482
29992
11951
2725
16077
25896
6352
31771
16420
12350
22910
9860
1236
31403
1029
4041
31672
13868
18492
22838
28278
15648
12566
21446
21681
10476
12660
10657
26496
26527
29501
16611
2335
21714
7345
15263
21733
22995
32762
14628
27510
22786
26884
15486
20282
26746
32143
23616
25870
8180
25475
8065
27961
32233
8579
11301
2209
10231
28100
10846
7743
2694
24352
369
13520
7083
13414
20926
5325
17741
9717
20475
18078
14982
30089
26048
16651
15435
12372
15176
23539
4432
22353
3702
23360
13606
25045
31510
9754
678
20071
6246
32347
23955
13777
4052
19523
8059
5239
4362
21102
19422
15848
18216
24066
20371
11955
13136
18221
20326
12412
4200
21967
18950
1102
9243
24179
4383
1843
8481
11140
24003
1282
32449
1726
1038
11641
27028
30434
2570
24459
12683
1454
9680
16123
22835
8716
26352
18474
10808
29322
3859
22062
29481
11274
24031
20259
21114
16570
21531
27334
13007
31559
12820
18240
23672
23118
13631
16447
16439
16404
22815
15435
24394
19062
8041
25688
29861
26403
9063
31127
17280
30728
31898
15762
12049
7180
13475
8312
32667
28670
21604
10677
30887
23499
19554
20166
9361
16373
15469
11340
31047
5952
24196
21855
14926
24751
6387
11556
15366
26030
31678
32418
27694
12433
11586
18129
17322
18237
2586
25844
1412
32293
31808
9513
28466
30585
19828
22847
15895
8857
30946
29639
11852
20432
16383
22894
22175
11327
1716
23690
1500
14871
15038
5874
1356
6412
19029
5651
25724
13062
28171
3392
12863
8473
18936
586
18166
23735
10772
10321
1039
4388
24036
23769
11468
8491
30553
31520
15430
13584
28917
31152
23729
25797
32559
1584
25569
21088
4377
4991
30989
18637
17472
3588
18388
12992
20435
10815
25725
32238
11016
420
17795
15997
29372
29098
30289
9913
21082
28959
26442
9992
29693
20414
32524
18976
15321
5123
20726
8567
21207
27454
7400
22011
17535
24551
31817
12548
13339
18993
24655
12679
27929
12001
17786
396
21170
97
16482
24546
29385
30224
18355
21009
16406
28125
24438
12944
14211
3092
2450
28472
29910
3447
8082
3065
31377
32657
31144
15820
12566
21319
1778
12776
24847
32176
15101
21817
11533
6951
29832
12302
20079
18590
16778
10770
6534
10037
9334
19069
3319
15883
16061
18571
28768
11859
1172
46
17982
28075
24057
7935
5390
31402
22768
7547
19378
16312
20755
22636
17687
6179
12361
24229
12053
11119
11478
18162
22678
4845
10388
8783
11003
32143
5503
24152
21179
17914
887
11265
23373
11997
15170
16007
16969
14721
2769
30375
17866
19106
9924
19981
29206
4478
17712
5903
12929
25899
21919
25755
27022
3117
31320
11886
21592
8776
9953
1415
15664
4243
1987
27868
16776
19406
6029
10827
12048
19701
1307
9171
15390
30741
20248
7428
8019
25951
14530
26804
19068
16507
31725
25332
19638
12831
23627
18243
8150
2015
32746
14081
25863
3655
12542
1062
21685
20775
27873
5171
26026
13870
25688
28521
28535
9658
20760
20537
19478
13807
17545
18173
15565
3079
21449
17893
5717
26600
17652
10548
30780
3580
8611
4012
5000
829
21170
5958
17565
20367
10567
21031
1121
14931
30991
2000
29853
13625
10187
5781
2983
26965
22028
2384
9022
6774
1338
13654
28341
21683
24283
29866
7252
6214
274
20593
9723
30622
29798
12198
5384
23471
11973
24079
15739
25229
18377
32624
13400
3129
16954
17150
1357
10682
3795
27414
27541
17008
11337
32047
4636
25510
2185
11790
7908
3686
1857
24121
3495
14225
20899
15021
7614
3631
21350
21971
22337
31747
2317
19633
27504
5218
875
19549
29777
25926
17511
3000
22427
24223
22781
3416
20691
17385
21637
15814
26293
23555
4408
16874
20437
21311
23024
2499
2694
950
24879
31580
11259
6110
10595
18939
10924
15198
17000
19867
10235
20000
79
28316
32024
19880
3934
31162
3874
26789
2391
28732
11919
28870
28670
10349
1485
7887
12501
21072
23337
23788
5674
13456
10737
2885
18771
13750
22229
29394
19001
1438
915
23153
19
31532
17876
29238
18292
31291
17744
2306
8584
30166
1337
16471
26778
25259
23767
12906
11738
11708
25456
15994
9310
2904
21354
28513
15718
12874
10419
12393
23012
22352
32353
17504
13628
31951
28566
13039
27976
27332
32679
8231
19359
25342
19837
16989
13335
25995
5691
27192
23688
6512
19232
20744
12755
11677
16048
8537
3619
17951
11534
28105
9331
18840
9133
2582
17745
8940
3111
31355
24801
19262
24173
27965
27172
12315
15905
29313
32634
18932
1856
26208
31846
30418
3588
16701
22674
27973
5641
16982
30739
23453
17582
10394
20717
1885
4798
28091
2522
237
336
14211
30279
16271
5611
29547
5024
14740
25070
20586
27597
19664
6447
2827
253
2891
31715
16322
9890
16441
6078
14208
27580
16685
9307
25221
31323
24457
32477
30070
4191
3641
2263
23727
30083
4001
28265
31194
4762
16339
6060
24512
3608
20230
18768
96
4563
68
14468
318
7691
16482
5654
10750
3496
10549
21724
8497
12228
17667
12114
27503
6761
9784
12420
24742
6812
10074
17455
2993
26010
26431
4643
10285
28513
21886
10475
12936
2674
25379
15280
15962
13526
11175
30555
1785
13919
10783
13050
28232
29744
20147
32613
24015
7551
2130
23073
15889
5530
5796
1924
30745
16168
14400
22554
13655
3250
2336
23880
20906
31330
9553
20783
13246
21770
25583
13779
32664
29287
15953
28541
22383
16040
14209
24158
7870
17194
22511
15220
29591
2694
4454
15538
21050
1485
7998
17499
5862
22290
14036
8111
20975
9513
7223
6345
8721
23727
28452
24520
2308
586
17461
3885
28240
31282
24149
20356
17507
26865
7287
24135
993
4455
28552
31743
28987
21520
27809
1452
24707
13194
20354
15719
27519
593
316
1606
19964
7630
30509
6016
23652
23184
32305
27345
18579
1497
17943
27168
10471
8284
16722
8288
30102
13893
11505
29108
28741
30842
21714
7894
10710
31520
26642
6073
6785
15714
29127
24941
38
24173
18930
4932
30433
9151
4783
12083
32736
13474
5551
22906
27249
12019
5608
13191
21343
31016
27019
24088
11903
30098
28727
26273
3718
31454
14700
9197
7965
13794
28482
17927
1336
22679
22875
7515
6563
14945
3094
23833
12765
19863
6149
23770
27434
3647
19874
7558
11236
19993
26941
5493
20242
480
15161
2004
11836
29644
8312
27467
32125
32603
24340
9180
11737
14929
15184
5135
18897
12029
22734
18764
53
3007
15362
18312
20794
27591
32742
14372
4556
7455
5103
17
14629
2028
5696
313
11423
6897
7711
2842
32198
24916
2725
16052
20146
9637
10681
27046
20628
17948
19263
7316
4238
7714
5260
203
1736
10515
10269
12584
7104
16963
30089
6710
6113
9791
17845
9622
12632
6485
22343
13476
11299
22358
8029
11863
16490
12442
638
9321
15123
30789
6609
21432
3217
10185
22668
1005
14844
23468
9648
2651
25703
3468
15860
29738
23150
12128
29182
7092
26638
3072
5337
11567
22714
4328
11940
24205
24490
25912
18311
24224
23159
29184
24300
16258
8677
16315
25323
24628
23807
19737
15365
6533
2666
17154
16662
12853
13299
10711
10117
24155
106
1019
17342
19972
6067
29074
11746
3869
3354
16776
7868
18067
17383
5077
6392
1208
562
28928
12943
14569
9721
31458
4742
2158
12400
6829
30424
3233
7064
20525
22193
15442
11795
1613
29916
1131
16695
4316
30335
21456
11617
14225
20998
7817
20620
29261
10845
7203
25378
15009
27234
17747
3857
5776
13466
21725
32034
16534
31522
20404
19591
4329
21481
22627
10418
3070
23837
20907
29038
14927
17891
5230
10536
11612
20299
15564
7565
21999
22915
21131
32347
4005
20811
20668
22128
1450
4520
20635
6952
21700
3549
23480
17893
3731
22423
10580
11247
535
21864
19214
2175
28018
15734
3263
27926
31983
10357
2978
3091
15172
20690
18616
4485
22292
21041
14954
32318
25016
32026
8561
14633
27455
4847
9459
19165
8115
32290
31214
30577
18846
23204
6618
10898
24013
25249
19594
27092
29780
4970
2388
16710
21203
7859
29553
24137
27639
31742
30118
19618
30787
11863
16676
2509
3088
4674
13230
25236
20178
18418
26873
20193
14238
3515
31576
16337
29417
7882
14233
5129
21907
27156
18473
9805
292
13708
7039
10831
7509
409
2488
19396
19154
16583
32127
17341
13118
14269
9264
22581
23159
6511
26941
31206
5404
13204
16592
29794
18509
16219
1458
25694
22194
10841
28267
26705
24255
27590
23979
16190
11830
14826
4584
18893
3821
13266
30793
8609
20689
21319
9923
15078
13611
15105
16770
17449
7970
13591
20362
14445
11649
30138
17054
22395
8635
30243
13920
30841
14381
31690
10939
27326
21922
8153
15742
22757
11804
27360
10057
25120
18642
22730
32685
24015
1397
22800
3215
32082
1719
7980
8397
16411
9742
22353
20005
28167
21685
4953
28242
3054
3573
1023
18295
32377
16034
21070
20417
20275
17896
11609
21576
18403
29512
24621
1847
22554
9693
1028
14637
30984
28900
8891
16867
915
27003
23942
23566
11435
425
27619
30855
7127
5279
1740
19625
20500
2109
5169
8186
18144
10200
9893
7438
6546
7227
9560
10665
1260
9451
12357
2596
3827
30384
5292
21522
16126
25424
26051
29731
7182
11934
3497
19272
25949
13491
27291
10007
14650
17788
19562
6514
7699
22901
26156
29539
8660
947
2098
26443
880
17704
13883
5692
6844
9507
28135
3235
29316
13078
12655
29226
18649
21916
10898
28892
27048
2746
31187
6026
6033
32101
1505
15214
30453
5189
24407
7439
12113
23993
3237
21604
14027
32027
21070
18492
31755
32069
19285
13534
25164
11348
26097
1516
17331
25772
6280
1933
28127
26428
25307
13002
19649
11011
28543
6457
14254
17874
27020
13273
5298
21076
23193
6462
17960
30541
9447
24302
5767
29727
28124
10762
5759
22162
3251
13105
8517
15828
20851
16801
31531
20159
14365
24991
15987
15707
23594
23066
2661
4004
16436
9611
10399
32141
15860
29215
7341
4676
12908
27928
20953
29368
14949
23920
23364
27993
4892
20928
31286
14110
29497
25953
24243
31181
28672
24785
22095
6007
17099
14680
23875
18241
696
13291
17855
28523
9887
12112
27010
24714
25415
22915
6569
22040
14809
21593
16580
24623
19092
3427
27439
6802
16323
19733
10656
21741
25836
16679
508
4190
15947
1596
25199
30259
13438
29890
19131
11254
10370
13593
8144
10407
990
24311
23966
28488
6430
10251
6951
21151
26755
26080
5336
9783
7417
26373
12569
168
21833
26475
13091
29464
3472
9230
4113
23042
15600
20951
6714
11062
31621
31681
30399
25889
17563
3132
4448
847
10526
1487
660
7214
1617
12032
7128
3093
5315
13688
3655
20868
25472
3171
24427
32430
4996
2582
8275
25652
26485
2292
6885
22836
31633
3986
26998
17538
14821
17433
11416
19253
24255
12012
21299
18534
8551
4235
10456
29236
21770
20152
7761
20491
5623
15576
125
26151
22286
17307
4443
14931
25460
11231
14180
5623
10380
4306
14110
10577
23587
15703
10990
29699
21227
30892
11565
5838
6955
1609
26751
29341
12212
23819
608
14533
22295
22929
5120
20619
789
28647
9553
13799
17495
8289
24158
13703
9824
13258
25310
10775
1983
702
3081
7872
17033
19541
29866
31470
14598
24578
2934
6999
6827
7866
8092
31801
30024
5976
7069
22754
26243
16960
25182
25718
389
8258
636
32749
15603
16578
13279
4443
32032
29462
21394
24692
3713
10032
20945
7247
9313
16765
18020
28266
12245
26124
7980
16111
8947
32499
7420
3637
29759
495
4778
1930
30310
14666
6757
12592
22575
5122
13640
23973
24750
16679
2352
16935
15291
6789
12491
22136
27298
8835
20978
25055
11548
6475
28217
22895
30334
27947
8644
29579
17201
2619
17500
5290
25186
19777
8385
31064
2042
7633
13890
16766
15057
29625
14476
16610
29470
19356
16832
14577
32051
20188
27336
24509
29799
12989
15850
22594
27219
4808
14237
32749
3649
19054
18844
13663
26849
4590
5178
31854
62
25209
18933
9068
30705
26003
29005
19884
404
29628
30935
1859
12666
26192
20877
17932
2973
16556
872
31727
23768
29842
28721
7778
13399
17871
14484
18223
4427
4378
30582
21112
6370
31296
18312
7673
26742
17790
18204
19854
22533
24622
3640
14581
16609
23719
19177
26324
7336
25950
30682
14590
4215
27473
24869
11762
14427
5029
27497
23461
18184
10381
20765
1921
19918
4463
18980
32685
16584
5698
20897
6543
2903
29243
32268
31119
18638
31144
8070
2078
30063
22300
6249
14327
11159
9164
9252
421
16693
24377
70
14406
22912
2575
11224
7054
16106
26701
12528
19215
6479
11943
11395
32439
21619
7977
2171
10394
19115
22812
7177
25585
2010
24621
9789
21859
14495
7884
22228
24708
6605
26579
22865
22172
31772
15208
5711
681
12318
21284
7957
13991
28276
14709
30571
15886
4161
28736
12716
22941
11231
27339
4381
10326
27089
24283
9853
8650
9721
12569
6877
1430
12555
186
7346
25646
17986
5727
9001
9433
2386
14906
31674
11517
8349
13683
22016
3229
16297
714
16840
21536
13778
29309
21352
30548
21820
17772
25170
25010
17932
891
5608
8164
6616
4408
13458
17028
13147
18622
26894
24103
22126
6617
29192
19610
29748
30058
28651
4971
1940
2061
17654
5035
5612
2042
15250
26355
10243
6697
26339
3493
20288
4794
29085
21108
2842
5267
20249
1831
8912
21579
680
32409
18266
583
28967
26629
4511
8226
28883
28544
12520
17746
2911
18375
23957
5897
9796
315
25615
30554
1369
21034
23549
12189
23459
13392
24507
6676
24174
31646
22535
3791
3740
19002
12286
6092
11326
1478
1352
12387
2145
12773
10383
5089
10538
21499
565
24436
29734
17461
12102
2887
21211
4042
27307
32493
1443
20608
5793
17667
6330
7537
31338
8721
12181
30991
2114
4786
6773
24678
16277
29941
27197
24481
32623
24834
30336
20432
23860
29953
2527
8680
21393
6199
10386
23307
23986
31090
9540
9738
21174
19624
30756
7721
5472
3035
3129
14114
27663
16191
30453
26220
5360
4255
19982
29116
27250
11773
3977
1741
11258
16249
20504
93
16089
29812
9125
31864
31611
27636
29743
10232
23264
31818
15061
25421
6224
7667
20272
9338
6987
32189
16614
14944
15808
31274
28540
21823
17023
4121
21612
30842
4079
31395
13176
14746
772
2628
9533
28822
28268
30523
12299
15698
6665
13107
25332
1637
22180
32290
10019
21791
31200
17010
15216
13003
22124
31839
3633
27441
1149
12448
26962
22623
3708
13897
9384
7081
22011
22512
21122
26607
17646
4110
6785
16670
7960
25769
13994
21753
1987
9776
18106
20762
4020
5543
28089
23091
24414
13827
28114
2202
20822
19672
13922
3589
4359
22065
6223
26770
4519
28607
5275
18186
29034
32567
31033
614
7413
6133
16415
20626
18197
25573
25756
5234
2225
5027
8940
28451
15613
6625
22026
30339
28145
13834
26565
13555
25850
4644
1814
22107
13295
30715
6321
9839
19014
24956
5594
17457
27272
26719
19834
11959
5122
22793
15218
3887
13502
27824
27183
25632
14257
28352
4734
29171
17206
20861
28066
7345
15291
30186
28069
3854
24250
10986
20459
21159
2540
10150
15885
15752
697
1326
28900
22769
20978
31587
2531
9562
1986
25876
5802
24500
31714
20327
29401
11250
24077
6267
31778
18632
10932
24907
19619
12466
22514
22230
28530
19513
20162
5757
17273
6514
1136
12716
132
27847
18509
5308
4760
12025
6567
21784
16263
15462
6648
10911
19137
18824
28510
6218
2925
28863
11083
2063
10424
19792
2430
24069
28781
18349
6962
18120
31687
30455
12949
17695
5763
15297
8827
17116
7224
30743
9812
10500
16363
2238
1627
17200
29150
25534
19473
29235
22442
30
6890
29181
2701
27375
326
14016
4101
11660
21922
9553
16542
26911
29712
10960
4360
19303
28644
30603
29036
16569
3505
24864
14080
1861
6516
12258
17370
1947
27918
23422
24834
5742
15096
31455
32458
919
28978
27470
20322
6748
18556
29406
28583
30451
21449
25095
4668
21826
9201
30865
24796
15593
21414
4531
2030
11906
4009
23421
8282
13863
28477
7539
27548
1845
12509
21115
5655
1360
12074
6649
29611
24232
8743
17464
27273
7034
168
32268
70
18137
5640
24501
15663
5294
8219
25351
23005
10494
2403
1224
27401
25707
4999
5466
32673
23038
1536
31897
25882
21027
13590
29959
1545
32501
29963
551
5869
17852
19862
9766
1359
16820
403
6848
23822
25617
16120
4450
6132
21823
2827
16012
2956
31598
16082
13434
26936
19022
10187
20739
1150
16407
8414
17089
21411
13261
14224
26994
24187
22722
12665
5534
3967
7004
1528
27515
6944
15128
8229
27917
29019
17871
32007
28561
28046
22585
31240
28
14474
18351
26533
31616
4329
6453
13418
23919
28066
27063
17438
2787
11994
11155
18235
7100
20733
23896
9889
26539
22030
7629
22410
23120
22843
16694
11201
21151
181
19410
29199
4488
16830
30120
31478
31703
11012
7044
21922
13145
10541
16700
22813
19264
31155
2359
19906
7112
16370
17712
19188
31003
28799
1080
7440
20850
1724
16890
18335
30334
14505
6979
30673
5638
7421
11202
31527
9681
30582
30988
3695
18118
8045
3810
6389
25426
13485
12471
10232
3338
5765
17517
15963
23954
20764
23136
19613
24253
29957
30373
25867
15861
3347
32660
52
20190
9839
30083
26014
8502
7911
22485
3255
11776
11657
23348
2574
24545
22897
21786
23747
31434
21215
150
12349
9943
25229
77
26138
8823
25407
16831
31852
24526
31131
9675
9250
4439
32315
4725
7108
27086
19969
20968
8804
4941
29866
25271
5841
8629
26022
7528
5901
1103
14119
21299
13313
15027
4985
18951
3440
20713
21649
14798
27178
26319
32232
12018
8322
18106
2186
30240
25345
20320
13673
30028
17756
13558
23032
5621
3492
23957
23285
9386
9661
23778
18822
18893
16657
21230
22152
32663
2693
12891
4132
10588
28333
12737
7587
12304
22075
27727
28035
18443
25790
30134
2506
17417
3977
25922
1690
6517
8432
7242
16134
31207
31675
19403
21540
9707
13012
32080
8803
23812
18755
8981
8479
3824
11868
29547
24691
12846
18999
4958
6479
25534
11873
21654
970
13352
16081
2683
26553
17855
26398
15005
7040
8231
12271
11346
25896
23829
18610
7073
29106
4694
22929
4958
22187
7443
12705
12951
20993
12883
9565
24879
15381
22721
12628
14281
24593
12208
13598
7911
11900
10076
23188
26963
32268
3698
32065
28095
20155
6355
9747
25512
17180
17301
28502
1920
17392
14923
25827
18955
501
8583
13461
3850
18942
27293
17149
16151
24392
5289
30807
12496
20492
32467
22972
11575
30801
12241
17049
4953
9988
13998
21087
24366
6474
2250
25212
6081
16405
291
6283
26768
1014
25810
26823
27190
31538
4313
7366
24135
17943
13595
12900
25212
1424
16556
9981
24336
8184
25419
735
13417
18476
18477
14590
27643
31460
28157
12010
28778
26179
16416
255
4334
28588
21821
22235
21500
19416
30461
23574
23843
23845
22287
12589
27188
19505
5488
26814
11173
3752
31721
25851
31799
20570
4825
10585
15319
29329
29492
29832
20930
5537
31180
13992
6637
24768
16335
14266
16804
31768
31889
596
22385
28955
13452
26265
4671
25879
22950
10601
5055
25098
16562
13269
10763
8631
4152
22230
21642
3833
3193
30526
4115
29016
25774
13806
11861
30426
26001
26698
15478
4123
13598
29930
15610
21152
31643
26770
14567
21865
7638
22373
27686
15301
27822
24149
4397
25195
28116
22750
4059
25285
8659
7924
5027
24719
27470
24378
19693
21921
31625
26996
25017
20489
26668
32063
20870
22109
20035
28928
20594
26192
9864
17690
23970
16770
12005
30564
6372
31901
3381
10970
7059
1181
3915
30610
22716
3695
11317
30450
18558
9406
10945
24609
25271
18442
4417
18619
11485
21754
17036
24009
24361
9459
27717
10480
25851
7401
10848
13800
15482
7797
993
11312
31098
3880
9447
12544
28580
27168
31210
9600
18384
4056
4161
5431
1206
18500
24551
26822
15046
11038
25214
12502
32596
25211
7060
7503
21240
31649
30246
29898
2869
14876
7010
8266
32600
8463
9905
7974
31907
9929
23285
30538
17835
18072
15631
30112
8447
25826
14245
21192
15114
14705
11298
4111
24379
13327
5374
8351
19555
3923
7487
13043
10334
1466
20800
11918
22261
23801
19633
14829
14339
15250
2527
23738
4311
31910
13877
4674
9434
30218
12291
24617
16753
25757
4479
17756
16677
29400
27914
5448
18946
3494
7860
4938
19260
31606
22273
25190
32281
27023
17134
7483
28170
25508
29999
10806
19483
27049
29883
8199
4494
6117
5258
20049
13763
5447
30877
16038
31580
15357
27712
16818
6302
12355
28044
23734
16153
22905
4655
11065
18059
29049
10608
2298
32514
7719
16237
6184
28225
18762
26023
30677
31845
10906
25793
16041
21448
14361
15237
3539
30758
28839
3880
20549
22782
13521
28879
31265
25403
8683
7249
23662
22036
9054
5183
24848
24369
11842
16162
17143
16911
23344
27139
5782
3749
21073
21553
13975
11080
15803
10302
26829
13772
13822
1611
20330
32748
23801
901
31346
10987
6899
17136
11631
9852
12775
2916
11623
5856
6942
32469
11019
26190
25347
22231
7473
1431
30516
19040
8068
8202
6869
208
10618
18069
29993
13872
12679
22062
28259
29879
4241
7537
20153
1939
14755
1419
21435
2790
6629
16982
12259
15630
13516
19909
10349
29993
20622
12931
17768
25304
18137
27095
18446
31556
19908
20683
23377
14175
19718
30861
12982
1901
4965
22037
2918
8130
114
5384
17283
717
30324
4573
31672
27733
10402
16190
30484
515
6549
31409
11544
27937
24060
5239
16910
16801
30610
3764
22941
22113
23629
22481
30619
29357
32216
1055
25378
29958
25924
19133
16358
22305
14075
18875
20933
13107
13045
21887
7840
11884
1326
22376
25194
27841
31319
32690
2430
29167
27851
20122
9526
5053
32198
14530
3769
24961
28369
27350
11284
9445
12161
28784
2957
24555
29537
16953
18739
27695
25645
32594
29370
8045
17473
22002
23942
6466
5456
24400
8966
7735
5977
29379
14147
9211
13271
13351
19897
29424
10553
24964
101
233
2705
9194
27935
26931
26512
26527
15658
9682
12466
32637
19210
28172
11190
6037
23189
24108
3153
15128
5965
19584
1315
29048
19693
28580
25834
14026
3650
14850
5110
21359
15932
3738
1501
22259
12101
13055
29551
14901
19665
8866
28908
27848
823
10067
13429
20890
22975
23301
8385
28371
29436
30418
26641
21760
26460
4927
23398
369
11773
15808
14833
16351
1986
1919
5323
20307
8359
29017
6886
20034
23377
22825
24900
12797
31466
19530
31590
19785
7979
25431
30728
10825
18106
2869
5643
15269
19383
24404
17843
10469
3729
31025
18962
14878
17183
22816
3780
9937
5100
19528
1501
19472
4050
29679
8736
3554
5578
20984
16754
26601
13058
32425
7054
28994
10032
27570
2297
22445
807
22635
13881
5614
5543
23390
5954
26995
6778
9477
12081
19254
24508
24533
60
28645
21883
20859
14313
4929
15232
8549
27519
4804
24939
26756
30906
7046
11526
28240
24259
28513
23251
14093
9055
1363
11495
18253
6247
2341
31739
16567
5496
32330
24257
15366
31211
2570
23412
1109
2824
10464
22451
6041
630
21280
14991
4207
24822
21724
29923
23832
22866
23817
25572
26561
26511
2014
16888
5128
26730
26749
6604
13757
17667
21973
28576
25829
1747
32455
5350
21253
26595
2439
23052
1437
13120
16966
4758
6642
2474
7438
8047
30224
24204
3821
29569
2832
16689
597
18051
3223
17972
27331
27154
16799
9528
15263
29956
21114
24282
18019
14585
14355
32484
17408
13874
12408
20163
3454
423
23701
3132
18402
20819
27458
30810
1876
8915
30081
21163
11649
12335
28672
5292
1855
9976
21990
385
28015
21907
28876
24041
27944
17108
25096
25714
15122
25551
20786
18921
30223
25578
25569
26133
32033
13111
25270
21669
23688
20225
12188
8806
5674
30885
29005
23225
18744
20131
6169
2373
32015
31733
8163
1001
4956
29088
13164
4340
9604
24200
5332
15769
20803
22920
28509
30877
14483
29122
30323
17747
14543
6452
30185
6858
7448
7565
14214
17221
20472
9022
25024
20459
20549
22227
13255
29888
27976
18564
17093
24788
3615
9735
7268
26299
2144
18089
29330
2364
18943
15773
13441
16461
23154
26260
14577
2624
30482
8334
23985
7479
20165
10991
16483
19677
8410
22741
29825
30808
17204
3753
23197
5241
21419
15860
31981
9782
6319
21364
5382
16731
21806
19312
7912
24444
5048
24648
7483
9006
11490
1872
29400
23415
3304
12254
30091
23426
31894
30882
7703
31383
29032
20278
31099
20555
10480
11766
16244
244
4984
27666
12867
11872
20969
21474
11184
24775
19179
29561
31567
31741
6990
23420
31234
5356
26025
16437
30399
15170
17728
12515
24724
2919
26667
22868
20968
7346
5301
438
24835
8156
7683
16555
22993
16821
3062
5019
17634
9749
31313
20814
24502
3862
29471
10938
27192
1152
18511
11801
28040
3973
12450
63
24573
24239
11207
16427
19051
26134
29124
18652
21153
20438
29079
17766
20278
20672
8989
19268
18566
13648
12340
28400
2807
15071
14620
1713
11905
2330
14372
4020
14189
24499
18562
26975
13404
19543
21634
23266
32140
31967
28387
5903
31063
458
23421
12907
2556
5355
2856
16261
2210
14431
3802
1414
29082
16834
17935
1290
9701
9634
19566
16174
26102
5940
27305
29418
27064
20550
3749
17570
14803
5493
3803
1015
11820
19104
15614
995
13738
11165
3037
14597
19264
32042
19596
4665
15400
18982
18110
16236
9068
257
12406
23215
16043
1393
18655
10121
26
2662
6775
23698
457
18497
10355
11069
15912
25408
2912
31222
12745
5693
16646
1133
19047
30105
13201
22065
18216
24179
15347
21376
28191
26141
9092
17502
15125
24016
26859
5604
27529
16030
19522
17883
3061
4521
26229
11401
27219
10387
20459
6347
4576
14901
6761
29284
13344
14228
8755
22165
8994
27920
31348
25326
16645
17375
30943
8803
2235
14266
9367
20642
5133
21718
3148
26532
17119
21014
18343
11138
26550
7039
10217
10379
7543
24812
23503
22419
10866
32003
2744
23693
5278
18535
11017
4957
19238
11567
6097
24295
2341
3736
10665
28268
21934
22774
22239
27926
17680
19953
7891
20433
24408
24813
17568
13661
20503
14282
7423
3233
17253
9166
29545
30019
5157
9951
19068
3701
12171
22774
31648
10258
20956
16848
31210
2537
117
31463
15425
17753
25871
11680
4799
17694
28225
16838
27481
3946
22854
20535
18883
28215
2305
11741
30350
29148
20030
8928
10644
479
1339
8730
13205
28683
11367
5324
27426
16834
22633
3727
24762
9108
10596
32141
7732
15120
9594
10992
30044
19161
7311
8091
8673
23805
31055
16664
17007
26499
9074
15058
27928
8003
22334
1925
25336
27899
5710
12018
10009
14494
5523
3031
31892
32495
19608
11806
4089
25935
2570
11605
20465
16339
12663
32606
14626
15770
1622
10088
6483
12126
10312
20766
3537
7240
9373
11293
16657
6409
16666
7084
11158
5414
25593
3751
23573
4755
15666
5053
2776
31620
5369
32220
31840
2688
25480
11496
30542
30903
5662
20147
20868
26261
9544
11306
22663
12951
24671
22220
6439
12894
4690
19041
19043
514
25509
22248
24455
23976
7610
26321
1431
14679
13136
30060
4080
2823
12873
18850
6189
31483
688
18659
21832
28241
5882
30303
28161
8152
29068
29305
19076
15137
9086
3704
10566
11737
10399
18560
31536
9045
17593
17346
19199
24175
17942
4335
13291
26001
20802
23282
11142
13583
6675
19422
8936
27578
11751
15909
17161
9650
13101
3596
18542
31099
16935
8027
16904
19283
15085
27481
14169
27331
15542
10999
31192
11893
8787
29004
9623
581
10236
19009
5411
7066
7759
12686
19627
18423
20118
30181
8293
2509
29769
23660
6702
30612
28628
6257
25201
4377
5785
27482
12361
32538
17465
218
1258
28944
4367
23403
13885
3404
20990
25848
3274
10053
17773
30681
30939
12337
4495
29701
8926
5586
30696
13443
23308
915
25101
31010
11336
14803
11179
6250
5706
28545
19914
3538
13052
29161
20307
14388
19236
30413
7888
23677
7748
21688
14708
16553
25022
5519
17243
29423
15164
5993
29970
4408
14927
12192
602
9430
5463
1065
24105
26227
11682
3872
32754
32327
7896
167
3622
5263
23958
29425
4603
17978
10585
9370
6252
20965
21918
11578
25729
4361
11847
24633
5840
4467
31553
20965
28228
25333
26468
12993
1565
27996
20122
29984
13624
25249
14148
28915
29329
8548
31449
31200
25350
7061
25040
7060
29790
5493
14017
28761
10633
20669
5319
17899
31785
30748
29992
1159
30546
24295
16440
3142
28558
26893
25978
31913
31781
12105
16137
6773
5531
13211
17462
18369
32121
14840
20339
16973
21329
6465
31600
7189
31484
6258
23427
8742
14374
11292
4941
9649
8973
10261
4507
23390
23173
14701
29322
17634
5952
15525
19695
22740
1100
17436
28405
23740
221
25290
19976
9582
12109
3888
11762
12694
30049
12943
17220
21139
20942
14425
21752
22409
11003
12773
8532
28337
31497
25190
2578
12532
32017
18206
19389
3001
16300
28623
17502
31995
16569
15219
3416
21918
30298
19756
27793
30211
26944
19838
24786
14554
17449
19388
19825
55
31910
21440
2349
6376
31010
3039
21593
26631
22560
28445
31293
5835
15556
30620
8633
12451
17557
19803
4395
26502
2689
19741
27027
29316
23330
31654
7413
15010
32319
14637
9215
18916
14742
18703
14060
12459
28888
449
3496
21825
1782
14600
27445
25011
25755
16492
30797
17375
18425
1514
12617
29645
16841
11497
27457
29763
909
13167
13429
16787
25369
30613
5099
8888
14161
12600
27738
4257
29236
13298
1607
10189
7194
3400
1390
22552
5177
21285
19811
18133
14958
13960
6521
5916
26171
11897
19427
3173
20236
20289
14361
15190
18878
8666
27774
15578
32609
4005
16191
6003
317
13915
8830
21201
24084
14406
944
27043
7335
23729
14915
3501
16251
5277
18820
29211
13789
14261
31169
4117
24100
3460
3242
6547
32054
30438
4349
3699
20302
19388
6499
10185
5628
16612
23189
3446
18285
27241
29890
2556
17132
11766
27701
12432
11945
14737
5427
10609
25273
21125
30498
6265
1375
4256
27377
20977
15498
22943
30899
20906
6302
12519
14477
10313
7287
12150
15059
21219
1708
14360
15214
12490
16400
15326
9345
2982
4991
8908
9292
26055
4823
11474
23120
697
19780
24318
24499
24089
15041
20719
12007
1192
219
28301
11911
926
29880
503
25473
25153
32345
6589
3706
22965
16668
8016
14446
16150
11653
12726
29335
21444
24637
6274
19857
28670
29275
25348
19387
15283
7907
1981
21216
27028
24972
6165
24855
10350
29383
23633
2279
16055
17660
27583
30895
1127
26391
5427
4421
12041
28739
11191
20446
9233
22773
2943
3886
17776
25901
27419
25552
27750
1017
19696
6119
1687
18490
9449
2566
2402
24234
1642
29517
12142
9502
28294
22741
13445
18185
32369
11343
934
834
14904
24551
2901
32519
8111
29039
11318
19009
10667
12473
30170
30985
4978
17732
9689
30316
28784
14107
7457
29803
27692
32507
16269
7494
18042
25012
29114
27131
24561
6865
10518
16905
27295
6779
16953
18553
4860
23195
4473
31263
13597
3903
25016
286
29226
13887
21889
25002
14866
18976
24148
25618
7549
7224
15933
24573
31747
6675
18347
19699
25243
534
20352
15392
11862
19298
1381
8021
18253
17660
9824
336
2007
12330
15784
4925
9216
23072
26552
13181
9527
30939
19362
20901
20039
20302
16038
21450
31625
23740
17923
24828
21335
7013
27405
13584
23235
4708
5504
24995
17033
16088
24596
8283
67
6210
6993
6768
2012
13358
29349
18795
14663
19734
26548
21806
22129
12419
6127
4917
5492
22645
104
2843
8973
13317
13284
9312
10576
25417
14130
24937
11930
27256
30652
19400
24776
8270
4188
30142
8358
23474
20593
13566
25002
9367
14641
31412
12771
27680
25921
27846
32300
4103
3715
9306
26277
11583
9775
13720
14180
1496
13093
25777
22887
32292
27265
11296
20429
29976
13936
30768
5446
31732
8003
15294
28105
12583
19138
16960
133
17004
1475
25350
19993
23098
3067
31168
22279
31835
531
18497
1638
5594
22014
9602
13528
17443
31115
7658
22460
5990
11062
26828
12453
21564
16708
22322
4362
30861
11023
8153
1599
1969
7326
11388
419
25045
6264
19541
20764
10913
19386
28642
31680
792
28776
20965
22229
6847
10753
12718
26364
23553
4182
668
25001
14290
23707
13538
25302
21651
27839
31623
11001
9269
4345
13233
31027
9634
22436
20770
21962
21848
19276
29699
24793
4439
22281
3040
31046
29758
17675
11253
20469
27569
2935
29864
15163
3581
23410
13910
24214
29439
9850
12626
31387
5186
3581
5931
31023
30823
28964
12590
2554
11722
3312
20524
25369
22626
25225
27006
31251
22249
22483
1349
18703
17213
17985
25078
29764
20999
27630
28951
25520
21914
29418
4419
9485
26654
721
10612
10753
237
4259
2434
13973
31037
24783
13286
5096
17408
28561
29892
23333
23816
13182
27177
27826
13167
28254
24977
26538
4918
57
11948
13710
21036
28853
24417
32311
17425
8863
28948
6159
14844
26055
27428
18561
4346
23313
696
26798
5112
24265
11196
16994
13539
27959
15142
14662
24845
13683
32382
5207
29907
20091
27805
31638
4733
17027
21429
32257
24677
25740
10385
13251
29276
9272
23326
20648
25161
21469
21547
15059
23571
5336
109
31155
8385
24100
3270
4403
17632
20779
14278
7473
11813
20699
23667
16690
5204
3837
6725
16468
2400
962
15989
20868
19668
927
21112
1008
28273
26459
29638
18367
1049
31335
22751
28416
30444
9069
10128
15073
11184
31531
114
18722
2678
17794
25525
30153
10618
202
21275
1302
8012
32617
21831
10681
16429
16292
15928
15171
19132
30133
24849
12507
18386
31773
3867
13362
8618
7739
2060
24761
13893
28958
16266
785
26892
11928
7147
27842
30648
18067
4671
12337
5743
6824
17296
22732
5935
6126
32616
29576
8304
8976
20372
31629
14085
2723
28968
32559
8004
29622
24259
4385
22886
29866
20500
23013
15665
21060
21149
23943
30932
4864
24503
18827
30482
23720
5079
24356
28834
20518
27407
19879
11478
22423
9944
4414
13692
6816
16654
10721
514
3333
4156
16002
24029
19319
282
136
3626
15022
2388
25471
31382
7352
14221
32014
23932
4241
1188
8489
16206
12275
18998
3719
16694
16239
612
16215
31485
9405
13526
12847
28715
5969
13567
16197
24688
16174
5539
19937
30530
13823
30103
32274
7880
7780
2505
6817
31223
17802
2176
26435
18939
766
23012
7954
17112
19139
12736
14142
4945
9634
30343
14848
9225
961
6549
19920
20968
7543
17592
15576
10176
22111
239
4264
23344
22187
14961
5675
4297
20155
17905
24026
11120
6383
19233
3119
11011
11705
14453
3677
24128
7670
9257
1854
27618
1918
16005
2189
30476
14329
14688
27733
25323
29173
18659
25257
31128
2102
8591
1942
31291
17229
6017
5462
21110
17773
17141
1734
1793
24697
19978
15899
3985
4705
20421
976
10751
7087
22615
29154
26790
25693
4771
8000
13
8938
7931
8061
6086
31149
2858
10953
8853
32360
3000
543
469
24608
23145
25536
30744
7980
24071
9183
12046
2957
32609
15774
21672
32125
20372
28729
4988
31818
25481
15489
27244
18277
2239
22157
10114
30134
14155
24492
2591
7987
25885
31901
20565
17585
7812
7171
13201
27130
2037
275
6269
5663
11528
26256
30244
11792
16579
19961
14424
23913
13083
20225
8528
399
16312
31551
28310
19196
23033
10791
17697
2263
6712
16697
10429
21192
4175
19576
692
1290
8026
31518
31655
17090
18111
21646
11453
29327
31852
14730
27648
26978
31840
1446
14339
14224
12653
25852
1736
19493
6972
12834
31714
25212
21905
28761
18903
28172
9424
13831
17096
30853
11201
7016
23636
9756
11920
384
10937
21538
1816
17748
5948
1500
11872
13145
21964
5007
32614
20269
24034
20442
5916
17285
27307
5960
30129
3687
18025
32294
17681
15769
25879
4242
26799
20313
4683
22741
14978
2894
13921
8179
6477
26559
30422
7296
11300
20227
13810
948
32556
22840
13738
12482
23970
20024
25028
22118
3359
969
1340
28349
19994
27668
28391
23898
17838
26713
18774
30614
13469
13280
10749
26407
8086
31539
7060
6901
19635
29578
10174
14889
14918
1671
9193
19846
29397
26147
17781
4860
25187
7401
16664
12154
4337
28258
31105
13061
26181
7120
315
8967
23274
24862
29653
32489
14968
15896
27200
29411
23318
24536
3704
11539
28220
16000
4710
2253
20158
17199
3590
1075
28678
2605
2245
13317
21152
5481
12845
10682
8701
806
3523
32719
24432
7409
5680
95
15997
21206
7072
6644
5715
30419
24936
5789
3223
19597
16107
18752
23907
16706
18366
9522
25743
24575
16138
29701
19503
22035
23090
7585
1116
7107
5814
13974
26680
5439
10072
18609
13356
16341
15485
2510
12660
16229
11221
29932
15070
24597
15166
31111
32462
24645
4838
13602
8838
5830
6832
27427
10916
18758
18138
12003
19692
18191
6108
29702
3912
7154
20883
30984
22541
28541
11678
16409
21376
25717
3337
2603
21145
3200
27944
2121
1799
17441
9158
14122
16499
2793
9856
6406
3849
11244
24939
16808
28469
19059
24829
26821
25258
9968
21290
30348
6825
12343
9165
15998
6016
13546
14410
23680
24913
18741
3697
26670
15892
13500
17062
29299
2271
31954
16703
342
3685
24300
10030
32279
4798
20309
5600
18811
25702
20515
32357
27236
8327
13417
10192
2724
3195
9134
29921
13843
10380
29086
11489
4064
24575
7680
19406
29220
31314
4328
7608
11197
12737
26414
10603
20569
4879
25374
11854
20177
2690
21873
14731
16825
16944
4733
5744
11829
13689
18344
7702
9485
7637
17698
10816
31236
7376
4052
12165
1382
18258
20371
17074
9185
30244
28058
3434
26773
32688
30519
30223
13678
16136
6340
32486
11698
3114
17625
8309
14038
2435
23488
9008
31638
27313
26409
15445
9541
6285
15903
29205
16225
22121
9531
2804
31082
19606
16152
3186
15092
7210
24838
3307
15868
24575
8195
23740
9080
16127
10727
19111
13873
29599
16094
1913
20437
27818
24347
27881
5192
27456
203
11204
30524
16926
25160
9543
16385
6688
19600
29644
32670
24579
23029
26282
11552
16240
5398
30038
23602
20278
1037
28110
16878
21208
29674
25143
31731
13639
6241
6596
19896
8432
21439
2267
18464
22777
15138
5235
3918
14280
10986
9409
12986
30406
32619
19219
19332
9058
17892
32508
21769
25944
31157
14001
29621
31283
8652
24243
7704
2576
25185
29870
23611
14758
22243
18849
4404
7555
18482
12096
760
29336
4878
5271
5233
16376
21200
21999
26064
17885
9303
17397
20261
24044
5446
9753
26924
12474
4973
15413
6250
25742
28804
879
20089
10601
19999
16992
30113
17987
1502
8310
15016
2968
25060
19606
10474
20259
14731
30470
19628
21738
18006
8843
20397
18810
17704
4302
17406
12660
14259
19972
4372
29256
23090
8142
14108
22593
8539
23390
23694
15810
21647
26332
23045
14287
6229
27144
14414
27598
32006
29216
21694
29327
26058
3332
8137
27787
23490
8088
10705
11113
8583
31594
29244
5319
6868
30613
11465
8758
23679
4325
28964
8838
30894
21819
2232
8261
23367
7731
20164
4482
19112
24325
22193
13526
24729
2473
19619
16294
3966
20287
17486
16802
2002
16301
27147
24977
4560
3210
18986
22353
12147
29499
8842
18201
6817
4699
29288
25090
29603
11873
15477
28614
13273
10620
12075
9671
14508
12994
10080
28499
31427
28810
16668
2854
17786
10774
27304
8752
656
13430
11751
15257
28191
9896
9193
12803
18130
6404
18110
3599
20050
29656
5512
27170
11777
4431
16084
17257
5099
13975
17707
23578
7162
10306
20963
4861
22889
24045
10811
21548
5242
6432
31400
1815
4204
25462
27753
7626
28071
14334
14689
10611
31803
23520
12838
6174
4744
10820
27222
32708
15422
22383
32554
6788
21897
28463
11341
22576
26245
4730
8942
10507
21240
14418
22292
26065
12864
30187
14129
30968
25482
4624
507
11574
12869
26563
11895
17731
7895
23588
6742
16608
8078
27540
29317
29464
28121
4633
2560
19910
13240
4868
4839
1623
11633
25554
28115
30673
4997
15953
874
26132
24802
7684
23601
1633
18778
11463
27298
28952
29780
25270
15231
24774
20417
23884
101
25182
3922
12744
10404
23239
11240
16085
31822
1431
30541
16745
28046
20767
6177
12526
5179
15271
535
9888
1965
5626
15969
21558
2768
20262
6248
19908
15990
11645
705
10976
19954
6367
18524
17156
18914
23100
24063
2355
9548
29780
26611
19167
2285
31169
18430
22027
28877
1080
18321
19117
18455
12556
12865
6998
30504
18163
29819
276
6118
26893
4724
26264
17491
31522
2912
3732
13154
6956
31972
31079
6153
21525
6861
19964
30359
28097
20226
18927
25672
32335
5559
31986
25878
8348
27108
21360
23507
29705
22006
13424
16501
18815
31940
14011
4273
8624
11972
12609
11979
24735
24447
10937
8876
23138
3906
27784
28981
7462
32023
15588
32211
7285
13555
1081
10835
8628
20017
25035
10488
9712
28223
29598
13515
30938
25496
21907
9267
22799
27890
7123
2501
24989
184
19568
22365
28867
10426
7242
14190
27641
17956
29488
4246
1328
20908
31560
26486
25947
27664
16305
4800
24622
21184
7782
30097
5414
3287
4454
13314
8649
25680
4882
5626
18735
32631
8662
3142
13505
11933
9995
3051
12865
16912
17692
13242
4875
31819
20712
28710
4250
29801
31336
4435
23117
31968
26770
1903
12395
25195
19581
14661
12390
5960
12229
10511
13916
7844
561
23436
30691
19540
10899
13651
15366
11461
7920
16999
21643
10550
18401
7179
15480
15396
13113
24792
32725
18950
23016
29452
20658
29243
32032
28965
28012
27713
24246
7343
15405
17703
22730
9050
16306
4421
6314
32335
18769
26154
244
23492
3130
12502
30459
18126
30205
15402
8044
375
28748
31644
20018
17681
28674
28207
11670
23754
30053
11683
24747
20096
25000
32232
9449
1494
17845
28889
14104
13703
3625
29223
32624
25338
12447
20371
18686
20503
15921
4449
2121
14170
32572
14089
30006
3621
31844
11311
31785
16731
6360
2517
19053
8234
8663
30672
31190
26920
30580
17016
8100
11682
12950
30884
17067
32560
27714
9686
31921
7053
2589
31922
19224
2726
13356
1461
21181
25329
22495
9763
6943
10240
23630
4929
1220
30550
27586
1477
32472
30585
30327
16779
16408
15689
21152
17801
1774
7055
7596
14341
9437
4313
17096
25349
22816
18310
19109
21768
16014
23581
22651
31219
20673
24035
30798
16462
19575
15788
8816
7856
28472
7921
6215
3448
23098
16163
32336
18622
7297
26431
22372
28298
10314
7075
17722
19779
14250
32288
12846
30314
25715
5712
18496
27016
30551
29737
22880
27492
12880
24787
7401
23930
6719
4535
26219
10665
979
4569
14765
5676
26540
21863
24562
5579
16832
11154
25212
26706
32766
668
3663
8003
17458
12850
25911
23240
32041
16381
8204
21227
6933
21108
9781
265
25394
17908
7787
32132
9898
6162
31935
26041
24759
7472
12767
24114
7
13390
24469
1308
24420
27939
13968
26875
12692
21612
24935
22428
25726
23173
8411
6475
16271
2102
32093
27719
16732
30159
12752
21619
137
14455
13199
4942
5097
14785
31666
23589
17894
11648
30093
6280
5924
6621
13946
20730
21601
9638
25305
3564
17312
8425
25684
17645
11398
31682
21864
9755
16388
8049
17952
24029
9014
23983
15908
7892
8587
27203
8179
2062
18983
4816
20845
15229
31877
10481
19860
14504
10337
21127
915
20385
17621
13394
9984
16439
17090
10943
21854
22892
32369
1281
13542
11562
29818
30307
28807
11313
15845
12765
13611
15956
6032
25573
5180
10981
30928
32391
28518
25966
32091
3000
20895
4769
9830
31208
22885
22930
14090
5846
6215
21796
12268
11432
2983
14785
11805
30011
4798
847
12607
22456
1505
16223
3306
9320
21250
18343
2382
17097
17273
178
30489
1505
20229
28886
15003
6866
8205
17255
4647
17839
11564
3114
7101
24718
3053
24332
24039
20702
24787
4116
22497
26363
4253
12183
23804
23552
5831
5803
16196
25053
9556
6109
3425
31145
29131
10279
26555
1081
21376
5148
12514
16625
5908
5478
7468
11994
11071
23666
26016
1013
2765
25194
8722
11983
2023
5988
3728
5718
23700
16601
16381
3051
9344
7256
3068
9144
9211
6779
10256
26436
68
17947
17409
5700
19720
11200
9089
27061
4902
21851
31503
3367
13493
11832
5148
16988
21064
25390
31852
25361
5488
4889
17600
13596
1155
25482
4786
17591
17308
19900
2528
14620
26339
14282
20556
22354
14863
11808
12803
10054
8489
20783
10237
28445
30354
19302
17989
30921
2631
25437
21849
21978
9828
32339
6868
5527
15591
9946
5450
8526
8887
27601
12148
13032
31717
11155
11917
6592
15665
8046
24571
16822
26320
15191
18994
12415
23660
13787
25814
27967
32365
19545
7199
1625
26743
5999
9090
10629
31027
946
23438
548
1875
17058
20244
20945
26576
18397
2954
30521
10614
9874
22705
22316
10659
25401
4982
23540
26188
3457
12310
32485
12608
13962
10118
4149
10417
5973
21522
12558
6384
31609
324
13282
11128
17431
13063
22271
1838
5903
26636
3427
17895
3700
23405
18897
25387
31806
2449
36
2105
5695
31823
20708
22858
7769
8790
4887
10266
23277
13772
12377
12197
29590
30261
1839
15662
1560
14743
18329
27270
1939
6363
32230
19851
17917
15223
16332
16623
7630
1610
12216
10811
14333
12743
19043
24851
25644
2902
12966
7099
25376
26103
28559
1242
13683
32297
20660
24190
17037
21770
27847
22113
27600
18111
28267
28523
24595
24598
9030
9335
17234
14186
344
10330
32419
19656
5771
26401
19564
13647
5771
11419
21716
5597
31447
5144
28279
12520
26905
9583
22366
2985
21427
17222
31278
28288
2202
20109
5023
17556
8807
9036
19504
7866
4011
21151
6682
23960
9347
15870
32642
18186
27245
30658
30962
2756
8794
3301
12298
31289
11525
7178
18035
30652
19842
23997
19733
24805
31258
507
15242
30775
12118
1781
31698
4607
31066
27921
24136
2175
10100
27698
2516
15180
24053
3641
15459
7669
31296
21196
28564
6629
32032
16470
13748
18315
28511
1614
25325
17080
29844
5309
22202
7752
60
19706
31134
15108
24844
12216
17174
1479
5766
11331
23500
24800
9419
29959
12301
15544
23216
32082
1661
9141
15891
1115
28426
15709
4720
20866
7710
3263
11695
1497
2073
28174
3904
9956
20734
6032
28010
18077
25708
8630
11488
27835
18897
23181
30358
9524
2266
26709
24530
22529
12846
32622
22662
20001
24667
12156
21469
2016
17680
3011
24340
18521
5774
13011
6795
31290
29017
31082
18716
20935
563
15510
27051
20514
3146
7962
3838
3017
8113
13843
27087
25184
5133
26843
14624
30641
7057
2094
5327
9713
556
24715
18026
17220
27904
19421
9284
24708
11799
1627
8905
25918
81
19117
4110
11518
16289
31056
11693
2509
29049
20283
7375
20471
12675
28611
20618
20242
22162
17852
31342
23611
25560
32737
9562
20899
6745
11382
29332
10059
16031
14379
11545
2315
26288
21572
10034
3545
25661
2039
5704
29768
7964
28949
24825
2127
29689
30701
4972
5708
27464
31342
28129
3912
23677
12939
16780
17021
20864
23524
4003
20501
15963
23714
7862
14645
24886
30114
31295
12602
24198
15831
4218
5187
28033
27881
25206
9967
10453
14626
31340
872
22425
19595
7249
22432
17028
5458
25767
22746
26973
30063
18840
4205
11442
5511
12869
26052
16333
24337
6236
2474
30436
25015
26600
9924
17808
10239
4462
31583
384
16170
565
16493
15727
30301
30437
457
20563
6398
23636
19395
23768
10337
12956
20952
27916
22692
9841
29377
30300
21719
21681
15792
22975
3680
27709
23766
13361
7070
8712
2344
4963
27085
11117
27491
25265
17962
12998
3661
9300
599
31290
17982
19161
14336
8406
12768
18129
28607
15839
14387
7371
12093
18023
10196
6015
12955
28959
23422
27212
21776
3180
2001
22501
27859
31421
5714
12615
7739
18715
12724
16622
27172
5122
26454
30280
31638
11887
524
25962
30881
16186
546
28418
23179
18598
22174
9356
4398
20023
15302
15561
30107
3267
25314
11373
20483
30924
18243
14104
29912
30477
21636
3208
15663
851
16912
17933
24169
14734
18404
22589
25874
29992
4247
19688
22281
31381
3223
22863
16609
24364
2741
9360
12936
9013
14820
21093
28454
12867
30781
9742
21576
15812
4935
20876
15422
9686
23926
17680
24513
25692
15601
4787
31450
11857
6040
14951
14591
16221
16454
29230
11390
934
18771
16010
21791
5097
24670
28468
31236
14281
5961
21520
23253
25191
16004
15969
31770
23858
13455
8762
4840
5377
20154
27701
21440
15711
16176
24422
10420
15909
7219
3986
4811
8015
27817
19357
15015
26376
24024
3138
29797
7687
1646
15111
15045
28190
23236
25967
25995
3856
13923
12401
7973
30116
7880
8233
23949
30967
9060
1998
25201
25110
32487
13796
1682
6604
23998
12466
21610
26809
28122
5879
13841
32164
7092
30937
14945
11795
8334
15646
13657
9496
17915
26270
16319
29805
673
19960
23049
15299
21566
9093
13950
23128
31465
19850
28313
24264
31131
30386
10158
10533
32749
24763
27343
29513
8483
20335
13297
13163
31850
8150
31819
3313
14942
24490
17407
17285
975
30987
24316
25707
21957
18036
2339
6674
22209
8942
1449
24041
4422
19075
19900
31859
14232
7926
4713
8094
21700
9393
5565
21329
3808
19455
7978
14404
24212
23163
3885
22804
24538
2249
22062
21911
8193
10371
21160
22637
3320
26230
23177
2775
27081
32015
29660
31436
27748
27408
165
10058
26782
647
25100
9963
11385
25601
22206
7352
29094
14843
6289
28481
2120
18585
32103
30190
7931
9627
8020
4240
19477
11404
20483
23867
15404
828
23381
88
10712
17009
23884
13046
697
5850
12072
2913
23996
28228
12239
13302
9883
1296
27506
1077
8867
26597
26222
12312
12986
15778
3952
419
30368
28055
7389
20669
13685
30196
22897
11582
12156
1665
9254
28489
15646
13200
10071
8668
24370
21809
2853
31653
9339
26276
10010
23064
2162
31252
30476
29374
12102
5250
22340
11984
8994
1535
19424
25860
30382
4638
22390
26023
28888
31913
9466
3308
9684
20115
2274
20356
8545
26414
7559
30062
1615
11678
32463
30481
18238
30350
26889
12424
23720
29217
16152
24381
7202
13867
15316
7609
5342
14498
21165
20922
5493
20047
914
16518
16099
457
9745
15744
18643
22180
28607
9977
23326
19686
14810
9544
8334
14522
18989
24605
30439
17001
9012
7698
24616
8837
8065
643
6414
28264
23646
23968
30938
2269
14260
17088
32340
2844
25899
22777
11792
14844
24211
6637
9712
23396
13187
29414
2538
2
31807
31782
11787
5440
29663
14968
8636
21364
32174
7947
69
23639
6609
14720
10895
7609
3369
20546
20014
19571
16506
21270
23966
2972
6860
23539
24013
5120
23313
12819
11482
28621
13577
842
9757
7824
13667
18327
18279
13664
12581
761
15243
20313
17485
22915
28189
25165
9144
10675
3193
19381
17988
8448
6151
10734
10546
32434
28094
21922
13262
30966
26343
3972
32337
30770
30500
13888
6
7318
27568
6321
26796
16884
12264
14421
10524
30161
15115
4095
28459
5052
2878
13004
6354
31710
20947
22360
25228
6099
13514
9010
21760
8632
18840
19085
13792
24965
11560
22584
17
21661
23840
12752
9996
29604
13925
11316
10628
2705
15585
17465
14153
22276
4228
20383
28268
24793
13192
14916
29604
16637
1530
9112
27120
19072
6774
28753
3454
18924
18482
9312
30156
20182
7741
6435
17165
13234
7177
25564
15054
22508
21288
98
6105
16436
22099
5142
4441
4377
6576
23833
23872
6105
10325
8636
12774
21879
21256
13368
2802
16399
15432
24224
13694
11879
26002
19219
26486
8646
8669
15414
26177
25097
4455
10721
164
8179
2739
5657
24547
4549
5330
11839
29737
15886
22243
3206
41
26821
8406
11691
2054
22165
29045
28384
10096
23160
7588
10249
4881
24967
31975
13866
18727
28945
16166
2592
13682
19178
20397
3984
19536
11269
26999
30
24871
22853
16556
30431
15363
28305
25960
22544
12928
9255
17342
24840
18411
32306
25853
29803
6308
6814
22065
30369
5318
4395
22509
20102
19978
6592
15176
24163
23785
27907
4134
2334
8449
4902
2233
6061
24762
5379
13895
4816
3113
17260
813
25856
10037
2236
3620
22690
7928
30898
19139
18049
3688
4736
2885
2171
13878
26910
22413
1147
11254
9700
13671
25511
1153
6488
17937
18906
32151
20037
23802
8532
27337
21261
29641
20144
27030
11583
8097
24855
8405
11116
27555
4788
3923
2359
15541
11623
11708
6572
8834
10174
26559
27603
14786
3617
12397
7556
956
3148
13794
20604
22281
11011
30760
30129
19866
5632
18264
25315
21501
32305
27906
26228
15835
27680
1231
19833
966
5811
18533
4113
3633
4629
21131
6134
12736
27380
7566
21841
16579
493
16611
5587
22013
15172
12813
20993
15529
22233
3266
25807
6591
1111
9801
24945
14963
1967
28710
31598
11262
453
28153
13558
162
12648
17060
18293
26088
16520
6316
31336
28717
29091
27106
23664
16220
16769
27202
4772
24829
20769
6683
12844
4975
11251
17264
22540
20081
15944
26270
29501
13544
4102
23104
29954
21468
6048
8784
23417
21187
14661
17039
19056
30978
18008
4134
9851
11441
4385
18061
26179
20126
26818
25516
3617
6037
4460
3904
2540
23263
3282
4481
22799
21001
18142
7426
16606
21991
31395
28632
31018
10455
25492
4094
1810
13898
3827
9976
14877
27521
24972
16567
32646
3477
9634
29117
32727
12474
13610
10369
15033
13508
5175
11797
5387
27371
4022
6662
3377
18635
13403
15748
2479
19631
12763
18882
30198
30478
32348
13728
8573
32086
20009
9864
5396
6633
13227
24725
21110
7525
31637
507
12829
9513
6494
3491
21338
6933
14324
2325
21156
25232
17071
12699
14897
22224
31363
3235
24771
32342
27515
22374
10949
6071
22114
6599
24982
25506
25283
24702
5413
20511
11541
25205
15294
26901
1327
5490
1059
12815
28930
30199
3551
19775
18310
1639
31703
5060
30709
18793
5410
808
20792
15249
26650
9261
23966
4158
9139
20169
9940
13758
6924
28527
30226
25785
10052
12688
25746
16076
23439
13154
20550
16500
16265
9952
2250
2606
970
1042
18584
17628
25786
12430
20091
9579
12198
16447
11078
21427
7700
13157
6085
14494
31572
21981
26356
30605
18520
9123
26735
5879
20934
22165
20266
7251
27722
377
28770
7993
19249
23618
28371
6084
9524
9615
9772
27706
7057
15733
27328
495
5985
23934
29054
21862
4389
4593
29731
23994
30370
22612
26030
16188
8943
1840
19220
4446
7372
25364
3126
15312
3893
1244
20752
12008
12343
30003
16179
31559
2563
8535
11125
3258
23105
3357
5095
3166
31654
26164
30215
11784
3529
23725
21815
27875
20274
25787
1390
31579
23988
17848
3630
27194
20734
6761
14774
19217
25452
9859
9336
20954
7459
9582
24781
14811
13660
30280
744
29134
7680
18733
10504
21310
28022
12726
21490
26932
6840
17087
9119
2579
16301
5998
19506
18625
21939
28017
22317
263
8314
13446
1251
827
15129
14145
25137
8988
31579
16650
26217
11773
8026
25957
11663
3110
31056
19574
8904
4471
3497
10436
12047
16718
22365
14909
16426
2475
9852
634
15324
14738
19723
3653
13149
14001
3598
30808
27399
13891
742
2408
2642
32052
27357
6498
2050
27526
6400
5621
9887
22259
29741
21072
5414
30932
15724
1069
2046
29505
4226
4622
24109
12666
21188
5830
9932
10117
1066
15932
6840
13593
9892
24428
24203
12219
12209
30638
8395
22567
14381
27451
26721
16113
24170
12013
10060
23660
3715
16198
26006
24523
9453
2228
6279
31110
8015
9491
31258
9472
20372
4724
29869
13670
17726
18205
30460
10714
24829
18129
17488
3281
18048
7505
5364
25273
8331
25122
6889
27616
27466
10641
16090
15761
14565
1781
10578
30336
9300
1076
27693
4711
26229
12936
24653
8434
16731
14467
2958
25561
13801
337
8955
6219
14240
28990
32066
28563
21174
17271
2405
31478
30824
29973
7603
3802
26001
24919
13047
24878
22394
29487
24559
26373
756
4097
10495
13700
420
8103
30759
27135
10655
21944
20787
