273
5834
28525
30539
19664
23959
11571
22202
30340
20917
8547
7110
2250
9189
2063
26442
25059
14065
44
18043
23548
14046
5617
9151
19123
12393
19584
14787
29144
15538
27336
15559
22896
5426
4010
11837
8960
9202
20826
3731
17416
25599
27657
24909
18893
9753
17345
14166
2651
3499
15760
13208
26315
23040
13288
15818
706
20403
2630
22409
5434
22119
9234
18347
13957
7865
17094
4048
20366
25715
3923
24633
3683
8450
21185
32222
1008
16939
8725
20154
20237
14585
375
106
30908
29946
17044
31990
26027
8107
8770
8687
257
11312
26978
28090
1111
3912
5387
5931
259
13185
18917
17238
3741
32168
5842
19873
17084
30084
19156
22046
22017
26308
25131
2584
6743
3637
20157
23276
9848
10040
8123
5914
23220
28020
19586
6556
8942
26312
9919
887
6631
2435
14295
13199
29119
4824
3462
28863
17848
8588
14790
31273
14654
26866
2546
29131
2084
4121
14635
21844
27697
4420
8699
31029
31707
11674
13112
14842
26194
18719
11307
22491
12480
17123
25586
12430
22735
7546
8227
19296
109
2987
16050
27524
1740
13676
14101
7339
12972
18703
13989
28117
20956
11446
23624
20070
29182
25612
22349
16764
5772
32311
28055
23424
4120
8200
11518
15867
22744
32373
19442
1451
6753
23882
32097
24279
16563
26139
15323
13279
15990
27517
20469
10775
26243
27766
5611
24789
32422
27697
18057
9929
28578
29174
18251
6541
13942
17754
17859
25469
31455
15027
8763
3017
28446
9167
28060
3273
23803
14566
32398
9360
1034
3532
25057
5059
11565
26475
10796
16044
5978
1393
25267
25738
8607
13382
10638
24875
22115
15169
13576
11453
15342
31515
18502
3554
3628
20644
23337
12802
17837
4020
31092
8165
4081
10853
7474
14465
7395
22655
2130
14864
26019
21300
24981
31078
20616
30990
6314
17794
22118
28197
21911
10595
3340
3221
30554
29
15121
14639
26064
3883
22737
28783
15063
6919
8882
8110
1711
10744
8364
7833
13223
26923
18184
23778
19701
26630
5223
6198
11493
7609
20743
11886
22070
27926
21314
24585
31936
6818
27991
5850
347
26860
26733
1278
25853
20253
12501
12305
30498
32209
6032
15521
17265
9765
19729
3555
668
14097
31043
3493
4744
1273
5326
12420
14766
3966
26519
2655
14785
22938
20613
1804
30096
2028
14987
6985
11823
14672
25315
501
6993
19891
21655
22912
25337
3878
15686
13728
13394
28976
32549
31045
2522
23145
9284
3280
22214
11332
5907
17535
9123
32045
17444
2860
24121
14548
2354
9528
24756
6856
5475
8130
29702
14151
7882
16412
20871
1621
4400
1919
26590
9483
6676
7933
26405
16690
13808
16312
22600
25360
8894
27474
17326
2434
23483
2212
11036
19531
619
14515
23254
30892
22749
30687
22023
23605
12592
24414
25186
12762
30294
6889
30474
25929
12824
26293
4783
8315
13402
10661
15610
22409
16289
32702
14124
18114
24274
18651
8194
5882
18493
4002
3803
7204
29145
23734
27164
25124
15057
18990
31956
31710
20032
27463
3996
18579
9017
23637
2242
9069
15883
3840
22438
12632
5827
9900
12131
16660
18674
31033
21682
29064
28848
2029
780
4698
22752
1198
11535
29372
24246
14197
7203
4745
11895
22527
13149
27024
15744
12230
22948
14640
9610
6191
20242
7205
17708
10501
29084
18593
18849
11046
13558
14494
1484
9084
20913
11379
14969
2607
28583
15270
13286
537
20376
26626
24706
9339
14357
26345
17652
13550
10653
5355
29023
20892
7687
18327
23525
29615
22303
29072
17514
21514
148
19684
1434
2103
10514
32666
30509
27553
22187
28298
17769
10500
14971
12914
25065
30753
18316
25413
29086
25526
12535
11718
23571
11181
4940
26454
24565
6036
19764
5130
20690
19789
19285
4865
25121
7
19318
25845
9091
2925
23268
16655
4680
20252
5140
27648
25653
24155
24457
1357
28548
22534
15352
16106
21549
31436
20907
13067
19044
18843
21795
19511
14947
21591
32001
29598
361
30930
3879
31148
2051
12281
18714
27870
3466
15179
10154
21205
19693
18064
20950
30633
24240
20935
10986
18303
31797
30560
20458
26206
2107
25259
1075
31294
164
2705
20832
23394
15739
1154
24171
7912
8501
942
16916
12191
7735
22648
21639
26904
13721
1063
17465
26880
21290
13535
29203
2732
10932
15825
22738
16630
31361
24494
942
16968
22301
30049
22585
15094
25694
22781
14219
31185
8098
5364
15004
19193
8024
13707
3569
29938
27586
20106
12411
3066
21752
2360
6588
3994
27185
20102
2859
1660
30270
24971
4314
3196
9559
32304
30038
1793
14362
20525
11470
29582
26577
22068
31608
1172
24564
1387
23345
139
28911
16672
25700
5952
24612
31417
15916
8561
31028
3561
22973
32407
17530
11562
32000
1283
1753
29287
24701
14380
28344
26616
25726
14664
4682
7636
8561
9753
8979
7938
22415
23050
31400
23377
443
17786
25782
22857
4013
20312
19013
17505
2895
29936
8766
11123
11623
7172
19243
876
9591
19231
12863
16968
6369
15398
27542
9790
7503
32048
8125
32055
12882
5015
29301
133
32330
21840
18100
6354
21125
27767
1005
7766
15019
14638
16529
26958
7001
1448
30166
18089
9228
16513
8375
9476
6209
12625
29756
3544
13274
23424
251
16114
11972
860
30175
30756
9175
2408
24104
20795
24317
4087
179
11312
22167
7930
17532
6051
21532
14871
15969
13700
4099
7419
19497
31252
17636
4592
24772
22284
32218
5810
26068
10011
9259
17278
22125
28054
4139
10349
30489
15980
8541
5376
20256
25176
8668
32252
18182
2906
30969
30072
4180
11623
28966
26932
15004
20320
5395
6956
6583
26689
26646
2157
24913
7323
32208
12840
6568
28740
13582
32005
20880
16460
6637
6841
12731
6452
13122
12763
21815
15707
16184
14323
2872
28601
9019
12757
26136
22223
4885
20013
15260
3038
13143
3674
31353
10840
15099
29056
30998
29588
22599
21976
8596
23237
23797
1099
7948
3373
30096
6720
28695
19086
28705
17842
660
8674
22027
1925
15525
26187
23860
28698
5883
28749
29797
2593
11348
32571
28404
26542
25153
20207
5024
1423
3885
13758
4796
30942
16795
24236
10128
6866
3247
29659
26876
9946
32240
19786
3422
32493
8268
30652
9654
2587
12381
10229
5128
24937
26090
28204
16642
16091
30385
15806
21727
25298
13923
7456
30603
25496
30705
4631
23560
6970
5126
7723
6928
10134
14548
24409
8444
12468
26388
10504
13028
26970
16456
10558
20232
32218
2628
28180
27758
25903
3052
24423
24013
18504
10047
209
23466
29604
21653
4055
31169
1823
25380
21092
2982
22540
8905
10615
15532
14723
23302
15384
24326
7932
13127
20112
13868
19741
28777
6617
16513
3281
11132
14164
17458
5274
26056
29882
9057
7208
7695
9301
15235
20010
19218
15728
21510
3172
24406
24844
24631
14850
14888
5844
6244
44
10719
22099
11837
16602
25441
12389
8320
11242
4841
11499
29142
10864
27143
12483
18168
5197
20200
32760
12309
25603
4311
12341
8568
23751
17924
8064
24422
22232
13956
17188
24901
9744
30874
25327
28676
20152
8757
5278
950
31905
13241
2966
9344
28784
8194
4309
21174
22330
5543
14119
14913
16465
28027
8093
13636
9565
25178
25147
25087
14510
30242
28401
20467
28112
10239
31437
2118
28768
24556
19822
30058
32031
13174
700
28154
20805
26563
5334
26340
9240
21716
16972
4301
24252
3591
9359
25777
1613
29664
2725
25546
3115
4872
27681
3764
30869
29846
2131
22478
9082
17294
1468
5347
28555
27559
9668
13322
15253
5458
24752
14282
32270
8951
32206
16002
16110
4994
31730
6408
25536
28190
24102
13457
504
6976
12446
23505
11143
20200
23018
4963
27053
26660
3183
5482
23054
27093
27672
12409
8713
28853
15433
3504
11333
19097
10773
8744
25740
4852
1712
20370
26077
30877
1575
30746
20156
4306
22094
2450
12237
23420
8698
17356
18593
23732
21617
15943
1744
28551
12575
28942
31560
13814
5003
17630
14820
19009
27529
28295
22337
5478
18864
6548
30925
28388
4110
9774
11040
27076
6939
32318
29328
29402
30444
17874
18943
9289
29865
27330
1016
29253
13377
22419
16891
5405
30300
19867
30228
21624
19090
10854
8882
6110
28122
7257
19639
24699
27973
2709
21452
4128
24812
13343
9463
8587
21286
19005
31599
13800
10239
2595
9135
7064
6374
6606
29897
12848
6310
11313
29693
20421
13208
12431
22154
2919
16406
4392
21956
4331
29490
17687
2407
25070
11688
14715
15403
10262
5394
21973
28312
31899
19803
8113
31772
18694
26230
16777
5723
9529
21072
30950
2758
22192
30467
12232
1647
21766
12620
17736
19483
30651
23359
18812
4249
12596
11065
12443
29011
31491
32535
16737
14627
22377
26533
17077
26472
3097
2137
11402
11608
31295
8002
24579
21912
14273
18747
10970
18954
19909
22116
6658
11238
16499
17107
24459
12812
17404
10118
20423
16792
17115
14236
14763
29879
6491
7621
7799
954
10841
19960
3226
17513
12619
8036
8655
13210
30081
17064
30861
15618
17067
26694
1182
13642
19100
11093
8973
14949
21581
5239
24902
28194
23589
18699
16249
16125
2423
15012
29247
13115
7501
27321
26496
27190
15972
5790
4756
18421
18039
24498
17320
32511
29888
17371
3684
27761
10685
31279
971
31311
4144
2036
17250
31768
22377
8651
10132
14749
25287
11560
4437
7186
4733
30213
5894
12646
2450
27864
6808
31184
5420
194
2805
13227
6413
27145
21659
6531
9566
30920
17802
18032
6571
15333
26721
13474
31024
5188
6852
2622
21587
2106
25344
10345
27505
27461
18674
12449
28381
11770
13861
29780
38
27198
8506
683
22681
32697
2189
18599
14599
21640
21
30576
1737
3634
22156
9450
14848
22238
5584
23176
289
707
25226
1637
15794
10719
32525
657
15950
2540
30081
9896
23023
17552
11584
6058
20589
19924
28544
18950
5185
7895
7987
27128
24975
196
10283
7701
18020
1025
27010
22565
60
30633
7993
10288
21191
30013
3871
17884
15340
21654
31988
17398
10511
7198
10703
8782
4495
16704
25277
12744
6803
19741
25259
32432
10247
14721
2950
13646
32481
6677
15008
13498
23721
26070
15446
17394
10296
29893
8944
7466
8128
1504
1224
17251
10252
24914
26031
22079
8457
27367
20364
22548
25478
14530
24134
6719
19512
594
17124
17339
30721
31618
499
9714
5489
28720
28968
21458
28558
13281
14407
12068
5584
14771
22851
24601
17776
26771
935
27430
30691
32687
14132
22802
15009
7982
31180
9550
13354
18719
9359
26244
31307
28336
3139
25970
7581
23969
2297
5625
3664
8696
8429
9841
15910
12277
23215
6464
9154
27208
31360
7339
803
22658
12031
5356
8044
8650
28933
3204
14822
8145
6861
32466
583
7688
31320
12517
23605
6416
25359
3215
7686
4721
683
12730
11466
19600
32082
12799
6539
731
5378
10869
9171
29255
24627
12231
17775
17916
21432
16522
11123
15438
9191
12749
16510
6128
16633
18929
11327
12644
29364
32187
27704
15542
22343
935
27074
5994
18805
12671
12626
12979
29173
22573
12026
28134
2073
4558
5171
29997
1455
13831
19161
30848
21029
26780
6519
20177
10480
30270
23749
22919
16173
29605
31343
15406
27785
21215
28952
15469
23391
25320
10655
24120
1057
28026
28065
4166
30713
26406
10047
31942
16048
26020
20001
21070
19406
20584
9658
6420
20227
32629
12494
26720
25541
15478
32306
4161
25659
23051
13012
2944
25434
21857
29947
19922
4686
13829
7375
16977
5403
8186
19995
3629
2692
19465
24402
27551
19244
23128
12752
12575
9211
13118
24419
22743
4035
27222
24842
7255
13347
22482
4860
30858
9644
23570
14828
11753
14147
374
28044
4334
22726
28784
3152
16076
18675
27101
7284
2653
7813
15253
15936
13660
27807
25408
5003
18900
1646
21356
16510
10200
9739
3805
27034
7029
31390
3620
21244
3813
25033
9076
1248
11525
20548
20656
6501
2058
11716
17352
6032
6255
10274
27974
32658
10289
16825
25892
27726
32319
7952
4577
28182
24108
22457
17876
693
12328
20088
18111
20147
25902
21672
29607
31700
27519
7387
31971
24802
18254
16577
25204
22188
9149
24139
11412
24143
28680
4111
4753
31924
23808
17647
988
28506
20156
15093
18269
7766
5771
8578
9482
28568
2348
9896
19896
24431
17730
29652
30001
592
15874
23984
21126
21459
24111
19271
31399
30462
22344
6251
18736
19398
28928
30547
19334
32211
27886
5513
25123
28804
21126
2052
3118
11315
14152
17040
4431
12474
22327
7799
32193
20789
4493
13402
9385
32010
7597
3424
7334
6695
3161
28563
27305
21643
26917
18822
20231
1800
4139
315
26828
8519
3073
10821
9043
12044
4072
26410
8723
25787
25158
31243
7868
21788
19287
18567
28035
13403
23583
22236
7097
19539
8611
32335
23715
1547
6232
25295
14470
11393
29660
27605
12801
19623
3812
17550
21919
22188
6006
10044
26541
25724
19288
30682
9289
18826
22728
29182
17852
20429
14189
28164
17674
17928
3470
361
2247
17231
30082
32373
30251
17351
14183
5917
6249
685
19223
10023
21053
13722
13912
27023
19908
3333
6995
7466
7825
7689
2888
23689
18941
6504
29055
11552
10686
29649
10882
2471
23740
25438
7049
27585
14880
22113
24118
6364
31405
18272
21634
13912
3155
4702
14584
26859
17409
12124
32545
836
25020
30240
6207
2030
6894
20277
28733
632
7936
30259
14055
31699
18986
12609
18775
3579
31370
8663
20399
23257
15220
4809
25358
27241
15114
26497
20412
13336
15884
4235
18344
22384
1521
10584
6421
18422
23862
9019
15760
28755
15862
8632
21797
4275
18107
27646
25042
23659
29076
6066
22332
6878
16743
20718
21153
20385
22921
25482
3854
11741
13196
27034
27090
23285
26456
17207
2866
17513
14717
15235
1886
3323
25544
32487
2980
21776
19477
18079
27620
25176
7523
23929
9284
27313
30510
25049
8996
1609
9977
26881
28501
3331
8234
26511
32389
25373
9754
839
20478
30991
23661
12819
8081
694
12703
19016
17612
10673
22496
26667
4724
16140
16418
19636
18991
12315
19312
6546
30848
17065
9857
3694
19704
23635
909
11124
17067
22830
9823
23824
11490
13744
30380
5365
31759
4045
3235
29796
20230
17248
27589
27563
9321
9677
24567
29420
16484
9444
12501
16415
6811
19721
8010
7770
26721
31378
24925
19024
5931
14961
4174
30745
19268
7699
15586
26161
14018
1672
7675
8642
23736
10979
3435
24614
5293
24036
18186
4519
25165
22228
7687
4490
30047
433
7291
5965
26103
6795
16708
19756
237
6190
20496
12266
14477
10753
26552
7117
3472
19758
21200
10987
1100
15619
18044
18596
31271
17049
900
7792
28497
10163
3499
15835
6323
20712
27965
11213
20002
17157
12008
12559
10457
6061
5580
5131
26150
9538
13269
8147
25187
24073
23625
7269
16424
10888
9373
7214
4031
17203
26509
17100
2776
19784
32364
26904
14462
16120
9400
16996
3402
20167
14833
26369
23511
29237
21931
26629
10613
12190
25059
20554
15138
18271
12175
14010
28342
30778
14712
17866
13405
25340
2380
23621
15434
20828
29423
11083
11434
25639
6675
30105
29655
27802
30216
21515
2767
29967
18389
9054
15332
15581
13959
32571
16821
11129
1481
28273
21084
32481
6837
9347
27369
14650
17130
31842
28432
4535
29151
4219
28958
27838
26743
5108
13873
8006
31445
20787
19113
388
26737
29089
15066
5318
31339
29357
17411
16543
23584
27667
4484
27460
25084
2910
23115
28982
12943
26795
29328
16417
1506
6321
9666
6404
28427
8190
27841
15763
25599
11139
21581
3290
30632
12883
10175
21282
31287
25768
13302
20760
29628
3111
13973
15916
11507
16741
19820
19000
14945
6825
31283
25186
15776
14324
3710
15683
20728
20542
5101
29257
20783
9219
1187
8281
31137
30974
26618
26553
1683
821
10101
15150
20932
24373
12279
19553
7493
415
13106
6023
139
16355
7521
21057
11203
22092
4922
16833
30053
3901
3102
15407
26124
28602
23700
22859
13957
3369
17653
5715
29733
28762
22633
28967
16224
10694
20497
16043
22680
31508
7814
16493
28467
14818
22403
15752
26352
20417
16350
8904
1915
31617
6589
28174
19007
14256
262
26870
14971
27229
27671
30392
7064
16929
9400
31052
18874
25697
19789
4562
2197
20685
18001
16432
13442
7724
2047
9725
2513
29788
17490
28830
30305
26516
25904
11950
10607
6381
15074
5284
21932
16417
28360
29871
22930
658
3659
28133
16887
15246
16914
5789
23267
6609
1401
9753
17055
13899
29247
24937
13070
2084
29822
20363
30016
23038
31457
30935
13125
9338
30481
13723
7231
29181
17008
20482
3771
12212
15114
32058
15682
4053
11465
29141
298
24872
23272
5488
20402
32711
15785
6547
1359
17186
18507
30681
31552
3397
19254
6993
7016
24414
18042
14627
26205
6009
16503
7287
8125
15247
29917
27026
5313
30143
28632
7234
12564
9691
27012
17789
21989
11302
30119
19525
10043
20828
23455
13774
17288
28659
10905
14563
6530
17057
24068
8326
20526
31774
9798
16855
30013
3115
10669
2359
26012
13779
20904
25260
9287
23281
30775
391
4958
8434
2464
19269
17274
21212
28260
27060
19777
9359
20849
18519
26936
15180
5785
266
14809
8051
5443
31721
31718
31633
27488
18031
4348
19609
31905
26075
6251
26482
29159
10456
2629
30642
19708
15452
2229
23466
25728
2001
23442
418
23590
5235
18996
10853
27936
1017
18311
13569
4823
23159
9309
22472
28640
8067
15369
27290
32555
6807
20265
9831
25982
11958
195
32239
30498
6482
10644
29644
17885
6254
30116
4531
19232
15360
30
25847
640
26265
24927
9294
2154
16711
25421
25304
4371
9915
20458
29789
19375
18855
3625
26327
1507
6762
256
13616
9084
12271
23742
5964
15969
14290
26271
4938
710
12741
21149
13319
7075
31283
13194
2276
17253
26659
12636
21194
19683
606
31176
619
14483
4052
7954
27594
10750
1852
22819
21245
20849
8699
23772
13873
7670
5703
15786
30960
19330
15500
3418
21663
8560
9230
11823
12875
29998
23249
2866
20901
17719
27830
10954
24906
65
24038
20364
27720
19639
9331
6996
16606
25705
25917
26773
13444
22659
30739
19949
26923
20923
30491
32765
30662
8399
23924
1399
9225
13103
31001
29048
32113
16374
13321
6169
4484
16671
30885
28993
4954
3318
13657
7613
7260
9164
17278
17042
27212
1519
13695
11921
16006
9690
20539
32301
17029
19112
13227
12682
5544
30415
30405
26838
26678
9994
15008
15068
18337
32151
30936
22998
7
11683
4404
31363
14078
15107
23174
12666
9105
25124
15059
15038
1926
15429
2740
24466
19939
29667
18428
28303
29360
7541
23451
31219
6141
2138
30403
20540
27687
7184
19273
25334
17752
5542
9037
4049
5709
14708
7197
32758
8284
19721
2135
4507
1717
28005
15694
32725
9960
5481
20399
15534
23207
26763
869
12664
1741
5582
29369
22881
7072
26354
12478
27207
27219
20455
27372
32717
29648
4744
19979
31918
5300
19078
12883
5713
12954
30114
21201
16030
20124
19488
5132
24593
8471
32120
7657
8204
8879
9550
19660
7026
9875
3236
15872
20849
27138
2895
31577
12447
15631
7591
2583
31305
10401
643
24846
28679
13757
30053
2564
32660
14856
22769
29275
24797
19847
26020
12016
23128
19882
12482
14146
8087
4489
8080
23511
32285
13165
6852
31707
19568
5010
5690
15883
20336
30763
16616
20689
2534
28327
28948
30128
10848
21043
8388
23523
2877
7040
3703
3649
30980
24006
22034
30820
13050
5385
5661
18186
23027
10651
29999
10171
16744
19682
7079
11181
22218
4955
30109
20964
4886
28639
20761
31901
10922
29733
11394
21997
28503
31369
18777
26534
6327
7435
22311
27258
26304
7579
19123
4195
21146
9108
13689
20034
16814
29318
12632
26822
28416
32312
13451
18575
32446
32749
25050
22931
28697
28903
10513
31169
24915
3626
19378
15077
23065
18818
6631
31692
4116
19399
31674
7336
22971
27744
6792
21173
17259
16902
16051
24349
31417
12490
13720
11546
1031
6490
21441
7002
28245
3456
26459
29863
31066
11755
12010
23495
25043
5426
10299
11937
18460
29718
19354
9378
25853
17160
1862
11359
198
11499
3874
19580
24734
5914
21677
3020
7704
27309
15156
9401
7431
760
23623
2023
5012
25941
28777
29204
22669
9764
12299
6467
27648
7951
16572
13593
28169
23187
666
26247
30696
22715
21004
17065
2902
4399
4531
1262
3098
22126
4253
11386
30679
32344
8380
2248
20520
29679
29079
31124
27374
5726
832
26104
7401
2363
17798
11989
29318
23049
14187
8308
27384
7937
6873
10093
27018
29458
4240
19656
20788
29478
12387
15715
32364
8359
29092
24723
4926
19777
30685
16910
18847
29674
6080
21257
16383
8992
10337
18077
29725
23666
29859
3439
24607
3394
24816
13456
28130
1225
6446
11170
13455
2908
23278
13885
13423
32493
12262
3217
1280
6356
11425
28492
10568
16592
1909
12990
32361
4424
7094
1338
30838
28887
11561
29888
8581
25864
32699
30682
3845
606
6003
32196
16722
7576
13478
18895
8583
8754
24682
7687
4500
12847
7500
30996
17040
29462
4166
27486
17744
11323
13803
18293
2360
6719
30693
12719
15697
7130
13985
21267
18332
7128
6985
13173
18086
23650
17907
32483
20829
1919
11288
14912
26914
10459
15175
11055
21023
29894
5146
30515
17883
127
29034
15892
13323
20403
4031
13188
1452
23361
10506
31746
5710
30016
22679
20735
22451
11843
31549
12351
21400
8155
24536
6787
32723
16478
23545
9573
6302
9191
6363
25731
30003
20126
11417
28127
2713
31802
21407
32134
4285
196
24158
31856
32196
9885
10053
28328
19360
11714
9452
3244
15329
20559
27794
3095
3534
28738
14537
23421
23221
21122
18544
21911
3199
2848
10722
12192
8839
32476
18029
9982
14509
7659
16902
12837
1190
15351
826
14521
15766
10600
30568
5874
8672
29154
26414
28741
3900
25614
28449
5441
24843
18078
28865
183
2280
24203
4012
12317
5504
10913
3857
23348
7075
30782
9064
20201
13723
13655
3168
28537
3260
9147
2841
9689
8508
20892
2196
15445
17477
31563
104
28279
30793
14915
950
12330
11158
9577
26718
28703
298
18066
30835
22896
7112
2374
13805
22660
8011
1732
1694
26418
23611
21317
23656
25641
22942
12421
11692
31119
12560
18816
20997
22248
28950
23417
5943
16954
31152
28737
8802
17518
1837
3510
29052
29946
24387
32394
4349
10429
21599
6214
23004
2090
4922
8846
19387
20649
28333
17318
22367
17722
7622
5685
11618
4700
8219
19529
25900
10541
15454
924
4127
21970
19762
12054
3346
5401
20541
14738
12289
27997
27519
17893
4610
20139
23778
12316
7547
15906
2066
13318
10899
20640
5774
23795
16358
14491
24064
8890
19325
27468
202
22529
26621
8467
31969
19896
542
13591
7390
20455
29279
10285
32594
24490
24313
19195
10330
20089
31249
21341
20852
7853
28721
24839
27537
19776
6905
13676
1900
26837
19474
8927
6169
6648
17508
30456
17377
166
11145
25658
14157
2832
7041
12018
11905
10652
5287
8546
10443
1069
28131
2847
31356
5284
5410
20408
12535
19111
13315
18584
32007
7329
3283
32302
6006
10761
9148
31819
21467
21224
2105
17867
21939
26773
21197
11127
7091
23491
10997
2602
21853
3006
26971
13363
14034
6898
10828
2555
16103
27821
25708
1512
9082
12326
22441
16256
22535
7357
26733
10706
25206
17284
15128
4369
29239
6655
9133
7043
28049
8744
15819
20889
26935
21430
16608
29024
15901
10911
25753
4376
12681
32476
27037
21793
25453
2412
6778
15647
30452
15003
22751
19542
10587
17796
2829
4438
19202
1237
32136
20701
20163
7378
3346
22521
25474
32413
11481
14701
19461
12468
7408
31318
26886
187
25852
29198
10631
636
26416
24913
21862
44
8059
1182
26161
16367
25343
9696
25147
17055
13254
29006
28144
24521
31920
4496
1893
25337
18864
22307
8244
3640
20536
28414
2438
9682
23538
27766
26225
26973
29617
10847
6277
7670
19111
18292
23201
3534
20952
16889
32267
8422
32206
30366
32192
29462
5263
1703
23561
2900
6092
26954
32335
6195
8027
11352
31536
21930
14312
10272
3795
23
6631
10897
10616
30851
19660
23966
19539
32296
2687
27879
10394
8496
30474
11925
13533
21184
149
21381
11414
13877
31637
25258
11777
6062
20288
940
27181
11210
17988
23765
6995
31923
22456
2094
13672
10331
31827
25573
1262
21509
25564
16882
12303
30984
7905
15098
19948
28367
4268
10356
2099
22053
15731
2570
31471
18863
18639
23106
18085
30650
14447
5725
2204
2360
20238
32128
11644
31236
5026
19217
21019
18030
22743
28772
9875
4595
22715
4503
1944
11084
14523
18874
16904
4523
2510
31283
13508
24385
6384
10593
17599
15619
9170
13440
22356
17326
17872
22733
18141
28168
12579
22506
1409
105
2136
15235
25165
2427
27648
31794
9350
24638
4266
4000
28990
17231
28942
8686
12070
32105
28811
32339
23715
13100
468
27398
3108
15901
9702
31838
31410
14575
22333
9015
29897
8449
13639
31385
32102
12583
1049
6292
27489
22957
21601
26222
28925
31129
26523
17409
16830
15665
9352
31326
19066
17853
12252
16822
12211
32398
32055
24187
1572
17215
27735
6594
31130
15163
18060
6380
22021
3711
12396
22661
9935
22434
25543
20076
24684
30482
17886
30516
18483
11168
11727
21195
3692
5183
28500
5209
20138
32520
32173
2411
27227
10626
15067
31825
29085
22049
18191
5572
3667
23308
25698
461
9592
3619
17094
23522
8884
12865
18493
9809
8749
18878
10569
20706
27808
29241
26019
4791
31152
11668
32047
7032
27774
15423
28976
24493
15993
27834
26041
1131
3192
1109
30564
11827
14854
9531
6469
14103
24316
21934
3873
4126
13142
3220
22492
20970
27967
26419
7217
16536
17774
27705
30118
18152
5557
32767
8638
11422
17879
28174
30064
3112
31387
11235
9432
19328
15134
14575
13101
7252
109
16354
7923
18277
25427
23849
7793
18221
23664
11957
102
30148
19083
4351
1272
20996
13098
11593
17133
8172
29023
15654
27933
26690
18148
10044
3111
7036
874
22857
100
23521
13871
868
24601
13036
7631
6278
1521
13809
19036
14408
25514
24066
9648
26094
27918
5908
22018
12453
12069
19038
11960
12553
26537
26626
9084
32746
12474
13295
29074
2640
5331
23046
29545
26300
7933
3452
21104
4017
15170
14207
2858
10099
31589
31004
30597
10511
5072
1120
21352
10907
9422
4285
28555
5311
9210
28336
1675
29557
31224
32417
26686
17420
10338
3851
28484
25715
3077
26076
29918
1972
3918
31007
14083
21439
24831
6872
25777
3177
806
7215
17538
28596
18000
11217
10623
10065
1274
29588
10808
29539
13128
14682
19989
29318
5882
1847
9447
11024
15259
7894
31938
14743
30459
15384
10767
18611
4576
27391
5597
13828
26873
29899
1656
2167
6675
10338
22077
7110
4495
501
3244
9534
3092
30177
3519
30149
24705
25299
21370
7451
9766
28464
26052
21088
2867
21940
1141
17879
28528
25945
14256
16361
5935
14458
14963
12653
2688
26424
29548
6438
29859
14621
28687
25229
6083
6655
5605
8657
10465
22055
32295
20765
10254
25011
12171
29465
2269
12089
10846
16051
16152
22957
31443
14367
946
9605
17819
23324
26109
7450
693
14970
32029
19538
23176
14553
19901
24444
22831
16051
14336
10619
27668
4509
442
21799
24000
12489
20705
17904
17393
23248
10814
27589
5101
8366
18536
3636
20759
10766
24307
21202
2496
3785
7653
733
5695
27049
2409
21536
20036
2162
31176
14615
10345
23843
22420
31828
30730
5241
26663
11041
15703
30133
15948
4967
15271
28575
9019
22734
18960
30411
3019
25894
4660
6427
28131
14342
12637
27269
2609
22962
28621
12054
32287
30018
591
26167
12803
24065
2578
6960
30614
1044
18103
7914
27816
7260
11945
3833
30226
32669
25005
19929
26347
1247
10682
20600
10239
23316
32266
25845
29564
9724
15473
22184
30959
25158
3310
4962
32111
21752
9088
13814
19480
2576
21562
6648
2748
9835
11674
23748
18132
4327
3351
28610
20157
14021
25081
8169
11041
28497
4717
13954
19635
17092
14041
5935
16927
6249
8045
32555
2624
4095
22523
18899
22164
2655
7688
24166
20974
9566
32035
11017
16235
12021
1397
20750
1447
21407
20634
26229
31281
3075
18607
28851
316
3539
26028
31923
21911
17396
21748
30747
3295
4575
16171
12240
11251
26183
8264
6076
24488
24828
26091
16335
11710
4111
18416
6723
12819
2103
3908
30501
15383
23667
16119
22801
24704
14577
21395
1853
21311
9519
3245
184
7602
12640
29881
13556
1307
4881
6947
9603
13649
29964
13467
21790
949
32380
5552
10219
24168
21843
15264
6400
15291
8169
22382
26915
7655
18917
3894
10963
32511
4193
27070
20365
14626
6473
6221
6728
16117
6660
4800
6978
14416
20823
14810
6398
22328
22662
29660
2701
30990
4028
30549
1806
26629
10668
14396
20081
20698
6777
11068
20352
16575
28115
21327
20255
16280
18532
19854
5330
23145
6250
20296
16513
12815
14757
19025
11640
25135
4211
11164
1714
21613
24634
26636
28759
21470
24838
19336
27267
29887
22643
15950
20809
9319
14798
29833
7672
30074
4471
15397
19868
31840
16265
23778
4296
20469
17853
16039
10387
642
11404
18970
5345
9965
17300
14189
30692
13868
16701
16250
21218
26879
1436
25363
56
23007
1176
15507
3743
817
6987
4025
25006
28096
21675
2999
15264
9066
24937
29573
5208
14874
18201
8315
24994
2806
2708
4895
13500
27097
22938
1596
20757
28931
30652
14388
8276
13583
29305
24214
10140
29990
24744
30707
25102
7027
12566
28654
9360
8662
19567
18835
28365
11997
3682
17386
19837
32496
23040
11467
12775
28107
19813
22003
25252
13362
22683
24664
27045
11743
15291
20922
9080
15296
12373
10363
21446
5727
16914
25008
25377
9378
6808
9592
10748
10932
17582
3469
27899
25923
10913
14872
28270
25836
21478
10442
14616
15859
9728
552
2100
24632
11429
20774
28858
11110
11548
22776
12254
4974
2281
32037
17113
26932
13228
28637
11245
7047
16455
6796
2211
1111
18751
29871
23896
5666
14437
15591
14839
32176
12725
18507
7176
3072
9598
23555
12778
31874
19907
17683
25436
27527
6881
8820
17219
4341
21363
5481
20135
4927
27507
19472
7422
1684
22178
6711
26029
27735
23081
5234
32460
18128
8576
24938
14633
5409
6799
13688
15760
19323
23827
11379
20298
7057
8516
30150
6116
8525
2485
1733
24626
18370
17531
18241
23186
31331
18321
27737
25205
30322
11387
30100
21788
20667
28458
45
26528
897
5152
25774
7733
6329
31188
21184
18607
17526
22872
24386
10310
933
14905
14488
8854
4858
23975
30022
9706
21034
25813
12477
8889
26459
13987
27252
15985
14040
26747
23355
9076
778
11896
13517
4704
18596
5838
32676
6292
11037
5222
2833
4080
1379
7368
9099
19419
29390
23870
840
6027
25682
19254
12554
27009
5626
5097
16700
28754
30865
12090
11581
23725
25506
6625
13564
3226
9124
31432
32453
31744
14446
14261
26970
7786
22513
15658
17478
1546
2341
32138
25198
31743
27460
27516
15081
28115
32055
29588
3089
21576
31053
14641
13530
30548
6451
6817
14435
13162
22049
16524
8139
9211
31057
15503
11846
22333
4277
31527
7024
28459
7145
3281
18401
21453
1383
2671
8193
23225
15354
6382
8477
2010
117
20518
13499
19312
15268
2305
22059
24920
28803
22240
13919
13710
7854
12346
20989
29168
10521
2694
11697
6468
5377
27996
11464
21373
13602
16599
13819
20282
5419
23357
6792
23696
14703
4578
29576
9481
1757
20809
27004
9452
26418
141
6697
18879
32109
13311
4262
23051
32387
29457
947
2655
597
5491
20044
25495
24799
31611
22142
24158
28594
9674
22138
22514
13220
28717
15336
17448
23238
29633
4477
16559
4758
21595
9936
28056
3702
32038
27241
12054
21085
4238
10779
15491
5581
3933
11669
8356
21253
31524
24371
3886
22135
30685
30490
13193
25212
12494
23683
23763
15175
1201
12631
11048
12055
15633
15357
8737
28337
21751
9071
17562
18958
4806
12692
7609
9553
31076
4042
23340
14844
21658
12737
23729
30818
25790
25232
23772
7520
28047
10242
5909
20552
11360
28721
3808
23838
31097
15703
23649
24327
6330
17376
8735
28414
32129
11972
4104
10953
1486
32275
6069
10283
28837
13266
13808
10332
5044
17157
30067
8118
5174
29965
3827
26033
10007
14644
19037
8465
7257
4743
1376
17502
14774
6116
811
11925
10375
14931
27000
17437
31460
17817
3785
5116
3085
20235
32241
23883
16392
1697
21207
2279
26252
7755
21623
27498
17694
15240
28713
25434
3194
10036
31270
10144
15668
12193
22344
23099
16287
28906
29713
13109
13038
30596
11503
22486
14233
28950
3006
12825
14595
24459
32399
23644
31321
613
27560
30043
27325
27220
18124
28767
1188
27399
3004
13747
15484
24386
16893
10072
17043
29489
28124
24057
7220
26876
4784
12833
22547
2971
10847
26028
25066
17388
13859
380
14693
1026
19598
15213
4156
31936
18636
30858
5022
20903
32553
16257
25814
16109
6866
12116
1321
26063
2272
20050
14589
13096
5266
17734
9793
5185
6362
23278
12808
28139
27420
17326
24951
2507
25394
6534
16866
28150
9395
4162
7218
21182
3445
14832
30602
10955
27984
28567
12074
29037
27429
12838
8083
13104
15135
6059
12011
1201
2617
6341
13476
23473
17153
21084
1113
32360
3995
3983
8184
32027
15624
12270
21798
27121
25513
15850
18911
17155
30974
18825
15453
17074
11956
23391
31292
2621
17119
5049
21211
23187
9604
18971
2309
20325
5978
16621
2001
20608
9681
16753
24262
11610
10324
13304
18755
5866
8907
2134
17694
27581
12645
659
31884
2631
24980
16355
1857
7543
7257
2008
18136
6030
1473
15831
25204
20272
30128
1737
9640
29371
28125
30482
18068
17881
12574
23751
22353
23889
24550
31259
26256
19747
15883
17435
4989
31955
1485
31132
6378
5637
27669
9841
5033
16714
14842
26337
2105
9530
8073
32600
27558
23491
9158
7260
13226
20928
21998
20163
12824
17613
9215
6179
16250
21338
31354
7051
30969
21247
4456
18032
5502
24847
2715
1514
5655
24944
17718
23585
21916
24490
2672
27137
15250
1597
30612
16694
5711
8248
18764
4692
24671
22791
27680
2901
29991
11917
30266
31305
30920
18803
28268
2121
30535
12223
1140
8365
32490
1448
7806
22655
14821
20648
24554
27183
19253
28884
3408
6535
29389
17513
29121
5090
15600
10663
10576
8345
16606
21218
29905
13759
12978
8406
31457
17678
19595
30523
6695
21792
21226
16281
12505
15075
14427
3678
32129
1863
9304
7726
32001
32057
24938
5498
27092
9173
30353
19028
16536
18647
28646
30849
28105
1875
6783
7632
2256
9895
14227
28843
16444
26029
27358
9452
23375
1589
26695
29426
29884
11442
9409
5363
21167
26675
3695
11923
14
30357
4107
21174
2814
6391
25480
7059
3242
3183
30710
2315
24128
31483
28327
6456
7995
30907
29584
20296
28904
24925
29937
7308
2851
10712
32313
24524
3682
31325
14884
28382
14070
9354
24614
24182
21901
18914
4364
31808
12538
18042
26337
12076
13625
13300
15374
12810
5037
6321
28102
23638
14509
5955
7585
27989
14911
12833
13959
3425
9251
30623
14544
31104
17684
10781
4521
3388
24906
14462
442
7855
28227
6876
22278
24798
15299
26489
32274
16456
11802
13305
11849
28094
28069
5839
13727
2932
12183
23798
10101
12377
31737
18401
29372
13732
5360
26548
9054
687
25407
26036
21209
19209
3084
21244
3117
29383
5095
20339
9977
3354
13064
7418
24033
10535
16088
29418
9266
24850
19636
9661
32457
24412
29165
30475
25649
20080
17683
8633
26635
26232
1139
30317
13747
3445
1502
7236
7712
15759
21420
18888
15628
9641
6913
2588
31061
14393
20303
25210
25764
7255
10012
27616
15948
13588
22022
13573
7541
13068
10244
146
1657
25663
25070
13199
28558
13852
2880
2075
30886
7647
1307
22625
23187
23325
4748
5575
20847
18589
13841
16488
1595
12138
2137
29381
15302
20518
27724
21943
17104
5793
17483
4265
31088
11179
3257
2563
22963
22822
32698
3049
23430
29791
9786
8486
11734
17054
31282
15971
2805
3067
32294
2973
11328
20596
28147
25046
8447
21309
27847
20746
3212
28759
21617
16996
4024
28772
2523
2738
24938
20154
31444
279
23177
9654
10515
28159
31004
13650
26233
26200
7856
14330
9879
26368
3578
31132
2416
17529
27582
25855
896
17124
18160
31573
18173
27181
27672
27155
21084
27267
2043
13056
18455
9483
23927
6796
29614
11477
4783
20580
8172
21519
22888
1603
8811
6520
30387
26891
16474
2584
28109
12308
20606
27439
21059
14020
15991
16491
1369
21600
21317
605
25261
26145
26378
6446
8216
16267
24593
28558
25813
29946
8976
12782
23525
13438
22698
3567
17841
8424
11320
1562
19698
25381
26569
11729
8910
26059
4455
24965
9795
28402
28061
20266
6857
3141
2870
25320
12851
1369
15430
27668
28119
18493
8303
3678
6894
1106
9309
21324
28222
26460
6803
28647
758
12506
20842
4788
16601
3987
19030
19941
28062
32114
30316
29137
28055
3475
7201
27554
30610
24734
19029
31821
16381
13140
31888
23496
24397
15207
21643
7287
30624
18063
3314
25319
23968
20442
2408
17854
18603
32580
10188
27122
20018
18311
14010
12090
11359
5684
13653
194
10235
18947
16452
7715
398
25447
20475
28818
17864
9062
11324
16471
32031
3240
14557
24194
32442
31438
32715
5849
27278
17413
7247
32276
3783
6362
27536
28749
15465
5712
9818
21426
20279
15919
18461
29565
27860
18848
26425
1830
16168
2551
25208
14806
11781
19408
2012
17952
23562
28765
6300
31212
27336
12542
20073
14003
18980
16658
17909
16882
5884
16910
29366
31192
19726
15820
32744
16962
20501
6949
17105
15850
4148
16577
8776
10203
19864
23086
6008
24873
16218
29488
11234
1758
8610
23896
6305
9271
28434
5080
27378
21777
18786
4502
20979
27806
21831
19839
31147
29788
3482
20766
5963
5960
20918
7533
2739
19791
13090
20971
14648
23301
18032
18926
1445
31129
31588
9275
2431
15113
16473
26836
29582
32402
29921
16657
12184
2411
28588
30194
15216
6066
7083
10420
19760
31143
28788
31138
11970
4376
18921
4398
29349
17180
25364
16192
26093
12804
30806
9422
25484
21391
21697
7085
27857
14173
20162
20647
11054
4518
30723
17357
16190
24108
1167
8974
262
12142
11576
13065
5500
32287
4406
14880
32069
3286
23312
8654
195
13319
11456
16954
7503
10802
5906
3084
22467
7258
8269
1151
6204
10937
7701
18359
29470
7602
26256
1366
856
26375
7368
11082
14825
17228
7248
13032
18083
3996
18475
17471
32302
10122
16617
9126
24913
24410
17939
7576
10605
28274
18121
25794
32330
24075
26026
5721
14614
20524
29684
22705
22699
13017
10220
18444
2833
13192
4737
9648
28740
1748
6188
32060
31287
22645
28954
13371
3608
30576
29837
14330
19158
4747
13184
15767
6369
6404
9866
18523
26417
4994
29444
27209
14729
2380
2926
29431
27645
17849
12047
157
20402
4584
3292
10092
1253
14000
3483
8993
13870
23258
2376
18137
6406
4494
27576
7975
22408
11532
3196
31332
18292
10653
15880
19270
4729
17608
22549
6580
13236
5320
16707
30169
28276
13374
15363
8568
8768
22052
31412
25471
8219
22018
16140
14814
25862
6244
2234
23961
24007
20363
5961
19740
6121
30819
17224
20688
1028
9141
29352
11755
11582
24478
11365
31628
2578
21824
3945
19975
19024
28343
12461
11389
18021
6478
9377
1201
29661
30707
14286
4374
806
6633
6841
25901
2711
2493
1291
5133
25264
18555
5104
9539
6052
2337
26557
19421
5140
16468
17621
5058
26910
23634
15309
31045
22422
14632
7374
7929
32403
9509
14907
5574
21294
2446
16020
27452
17798
2963
6555
29224
14088
14722
18613
31077
9709
6203
32402
25845
12803
9444
28176
23888
24241
7902
15453
2300
13877
11767
24156
1118
12849
14561
25931
3024
3430
32739
32418
3060
25279
20430
11070
3143
15761
24883
29118
10233
32545
14291
4142
2300
15719
5719
28899
6491
32529
23105
26277
24269
30923
21539
29716
13450
12222
28686
8772
22365
9558
16974
10923
30714
28745
19540
30781
18323
26325
3572
17365
12966
15945
14033
20439
15897
17350
3093
1811
14984
4679
22117
749
16862
27103
27668
15547
13090
3138
11158
28271
8340
17031
31288
26230
25593
28716
6927
21216
19763
22363
29230
18368
7956
29291
2076
1238
20084
1706
24966
15979
14209
21594
32560
28029
15703
2041
6705
27420
2001
20678
28768
23316
21406
16512
13578
10700
2199
22641
31206
8558
2639
26539
9290
23112
30444
7826
17054
2675
18486
31642
22034
30898
2798
30034
25740
5788
8289
1442
26340
1534
15933
31312
26452
3451
8354
11977
25642
16501
8828
4895
19136
24113
12305
9294
7854
11317
18390
14787
8510
20469
32135
19487
3361
27567
13174
6456
14944
660
32292
18784
16021
26664
26126
31211
23898
16107
31689
20715
23810
19001
29265
32318
4999
5999
13215
19915
16324
16975
9081
12040
740
22694
1166
21952
3611
8491
13250
22547
22676
18859
11719
28094
29098
16483
4845
13468
17242
15534
7483
7789
22776
15072
15550
27607
32290
28529
20001
22698
18931
30046
8062
23912
27256
15308
14196
10757
17512
30446
4730
15851
15119
6186
19058
16705
13452
4471
23682
877
11836
26634
287
17111
30070
23089
19050
8688
22649
7295
31936
28020
25506
29225
21900
6124
32483
9392
13408
3702
32624
7872
23109
19144
443
11865
13135
18035
8099
12844
24180
13157
22248
13896
26525
7602
13283
17397
26622
23188
5236
26848
163
26800
5947
14713
25420
9626
2827
21146
23931
31900
29339
7785
6603
29363
28799
24703
2947
13275
12119
19786
14443
1420
6727
12463
21727
17029
31143
26612
26145
17352
18427
13022
24308
23270
21285
8214
27238
16764
32217
6353
22765
8702
13650
20400
25525
7603
28483
5861
14905
29697
17425
24984
3601
12011
31039
29833
4362
30936
4138
2550
6524
32662
11510
27839
24792
2206
27080
20168
4225
6810
27189
24223
4317
24612
17147
24671
20139
10193
2543
19924
27287
9582
8759
16863
1803
22665
6329
13084
10313
15412
9427
16835
23223
9221
8525
7372
4985
27233
4492
16983
32581
21498
1800
8010
13171
19607
31488
21052
30036
24852
28780
5522
3013
6825
29235
5351
20228
8047
16798
12722
27330
15391
18700
31522
1657
15133
9960
23885
18431
11446
25817
19338
25692
1190
12088
27163
13017
12510
8391
31504
30297
3460
30368
4711
20716
23098
16491
21880
5538
5283
24788
18833
27805
23587
29245
30173
32106
17127
25519
23690
5010
12326
25111
3882
29035
14246
25007
25178
17716
2689
23482
1186
29793
25897
5236
31901
12596
7850
32073
21082
3725
15663
1861
26625
1539
13256
31180
17850
9267
11626
8587
23754
20312
2360
27566
1535
23581
27648
16723
16207
25775
2825
14143
27836
5653
5132
26064
8315
26564
22144
32051
11860
29038
4634
27095
3660
21276
3733
7458
21122
25468
24751
20066
13399
6268
116
18438
31953
24087
5310
5390
19522
20335
6141
8896
1316
1565
14900
10909
24136
29637
9284
30867
24624
31213
109
24948
20921
13327
27666
32167
22524
10220
14012
31774
19831
20516
4706
8583
5224
13572
6376
18375
26746
1951
19173
29092
29603
29472
27561
18113
10829
6238
24191
3024
12980
26545
26927
27395
23439
19717
32711
8387
26098
25132
32155
24741
9843
7033
28555
1690
16780
8842
21380
26726
1856
21349
29002
23379
12801
4039
12404
16934
3282
23736
4024
14162
17577
32355
8552
10092
26903
1573
12605
28639
24618
1764
30548
21985
20883
25506
31862
27045
19716
27729
5020
10706
12252
15593
3250
31541
3590
4793
1180
18610
8734
3066
30327
24449
2262
1450
29217
23447
19353
2968
7163
14433
32366
3771
23021
22968
29982
21959
20907
8466
21401
23554
7223
25333
32150
4692
21160
20658
10618
13982
22569
10831
6779
13645
1348
19653
17925
18735
6241
28780
26716
19845
3977
11187
19588
30297
20336
3604
19294
25362
15283
26439
17939
16197
9310
3766
8117
26062
11441
16178
31268
14880
3876
23268
14895
11225
25256
11142
5884
6298
17712
29395
14506
21
3952
24379
10804
15975
30180
14556
8857
16553
15125
23214
26938
26561
22296
19453
22915
3454
14423
3613
18893
24549
404
29273
22915
1733
26922
3116
27268
18322
7574
5044
18889
7023
21303
19555
19272
27533
24402
17400
23832
26548
1113
32173
21973
11039
21357
23986
582
9101
18209
26843
13885
28309
31617
11414
25791
8506
10067
25375
869
11711
15004
10231
15618
23485
18022
20626
14214
1650
4545
15695
28963
5468
8
13998
30894
25350
11365
10942
1351
1571
24215
24276
12604
12505
15603
27010
23595
6751
24489
2247
30823
9930
10569
10372
18333
16676
2182
11567
19128
7103
1849
22219
26881
19144
19113
20504
4747
27935
26889
15879
25038
22374
14402
25456
146
30041
31219
11527
21519
21853
2230
14733
13394
4699
27302
12867
13026
4046
27934
1956
13476
15387
11715
26195
25340
19746
13508
30803
14389
11026
1120
18038
11043
32129
16809
19992
15878
3772
23176
7948
29874
31067
19714
5591
30189
21529
29625
1564
23577
20451
31670
26968
30995
31791
26469
26064
4442
9615
17121
16839
21108
646
28018
5875
2189
8858
7253
23090
22370
21418
31419
2938
31325
29058
2835
8718
20481
21421
11660
2296
13449
19850
28630
16307
28620
29859
2601
29480
14948
8505
11657
8924
7695
23844
1864
9831
13653
13530
7628
10024
3692
7885
27283
25143
13656
27898
21875
18075
10582
31934
29991
17341
16763
6380
14599
23581
17561
16926
24599
20548
14434
20808
24899
30202
11216
10387
10473
4024
196
26216
20376
14432
30957
20170
11800
14124
2539
24298
29354
20452
15540
16117
7056
25429
7223
1585
31440
29694
30528
1352
10038
25356
31132
2788
32408
31113
24701
22139
7517
4560
20000
11629
28480
30020
172
17996
15698
16961
28766
32378
23870
28243
6371
3578
26065
14502
29189
11648
3258
8382
23434
25290
4494
13672
89
26419
23055
20465
29919
23686
9133
3989
5297
17424
28237
10554
25459
27641
1098
24415
29944
18132
17337
13903
8362
24948
3314
14490
1069
27393
31308
24517
6463
844
17703
30017
25315
17248
31792
32666
30142
13402
28384
4081
24513
10362
29254
940
13064
10873
25351
3692
14338
30493
2211
8255
2771
13580
15865
31768
10230
24286
782
4732
11303
4981
23562
29821
19328
16529
8579
29420
17378
23455
9726
15819
20118
7378
21683
6145
21812
28789
11665
29521
28100
4736
17026
2189
25124
2153
6640
16391
18090
27964
6792
32329
25609
17390
25662
10502
30841
17391
14993
30800
5138
21502
25616
26634
5241
10049
8989
23969
959
12437
11249
22007
24198
24611
15328
12192
1382
24372
13790
25937
23951
15942
26691
19605
25775
18782
24523
11458
15382
30369
27617
16940
28440
8990
14365
408
30898
4591
7947
12276
19569
24960
6702
8773
26256
27438
29508
14816
10080
16660
6860
28893
32237
15905
18374
2761
9695
23662
17594
15771
31902
17871
3579
26345
12730
21161
9517
8540
22153
27395
15877
20066
4370
32223
10320
26658
30249
714
6967
12213
20188
14770
17857
2963
19726
7416
18585
10827
29538
14790
32018
15736
13403
25251
11624
24816
3265
28740
8777
574
7494
1189
10643
23635
1897
1113
31328
23416
4507
14879
6720
32135
22176
22709
10181
603
1081
20209
11845
133
27904
8717
26331
12864
29075
16963
2735
3752
1268
3481
6775
806
20528
29951
16190
24879
14655
30615
10340
21550
20780
26708
2791
29630
28022
12742
9696
17949
28853
3124
28753
18141
1664
23020
21533
17885
22159
7639
6744
12920
29469
16464
27841
9980
1680
5686
4237
18526
1116
24128
15975
20012
24869
10385
15284
18114
5668
23693
6427
27585
29643
20714
14917
6845
1964
10762
2785
17974
6551
29320
1260
29386
1026
8721
27695
5288
27566
1653
25353
24904
6792
17149
15470
26970
462
23040
12080
3836
10098
29873
20093
11311
707
23867
27562
32140
3146
24336
17710
9523
1266
381
9970
23045
14445
20611
24520
5907
16082
10210
12344
24405
395
13430
5763
27040
1902
8134
7138
18642
19498
6619
1807
25680
9957
13646
6150
21682
1059
18853
12557
30908
30442
20448
4338
22160
25892
27982
660
7459
21316
8357
9636
23022
4908
17746
13485
14054
23118
24846
27730
21677
786
28594
30680
5386
32120
8524
1764
27031
13055
15986
28805
31417
25029
9942
1908
15061
13039
7707
923
14785
4171
23271
9429
19577
32052
3130
29429
23828
30391
18686
16137
30454
7924
7647
18912
25414
14278
11612
13257
27043
12454
5662
6558
2322
19404
5001
769
15675
7832
3218
1510
9174
28977
1232
17234
5728
16748
9173
8545
3090
27887
18110
26254
22547
18070
20489
6703
6125
6933
10663
20031
26174
26847
11602
13920
9648
20295
26401
12320
30762
30949
26202
8316
13896
1340
4231
19107
31497
13721
10956
1020
6088
24894
3447
26985
1134
29888
13785
31182
8165
174
10837
14797
21712
7027
25782
17620
30329
6782
14021
28506
27146
26272
23836
24165
28673
28597
13365
14416
8670
902
17350
21195
30750
3054
5201
547
27757
30780
758
28100
3096
21977
1933
3580
3777
23595
8433
14081
17750
28600
23454
21814
30020
24719
9855
16042
29671
26596
27137
15841
5701
10490
5484
14808
18685
14662
5747
8003
25722
29649
28426
28441
4460
7134
23927
5714
20857
4813
19116
29424
47
9535
29396
10812
24638
13179
31788
13394
2276
14608
28692
16607
18344
30652
19046
22826
19019
18829
4870
25425
9468
24134
13754
27349
2251
26628
3132
21081
15968
31521
20110
21159
14573
9561
23950
27380
21857
43
7114
9829
6623
17026
18581
23250
2414
5525
4443
17609
24562
12556
19761
9430
19035
612
5808
16897
28444
25492
14340
30105
23262
9457
7488
9264
9590
28239
16628
18407
25365
15209
18178
28652
13759
30595
14765
22848
4863
31821
7411
1214
4568
30731
19485
28249
21758
32499
21908
18853
25927
19414
18678
26521
4188
29699
11113
10643
8116
4713
1584
9628
31683
11771
17276
24557
3950
24409
19844
15795
32707
31148
9175
5392
3047
15057
23281
32354
10575
18107
14861
19143
12339
29202
27451
17377
11328
8224
29106
6358
9614
14318
23143
7323
30161
29866
23263
14707
32211
5452
21057
15794
20258
12154
24751
26055
7685
10664
2262
18297
4021
8323
4036
625
14538
15248
3834
23033
24564
13584
27843
7171
22763
6440
11972
31085
2985
62
23251
13187
31702
18598
23053
17094
25732
4990
4642
23276
15388
2262
10484
28711
13464
10005
9825
8618
3059
8599
26716
11626
16606
4763
7491
20769
32693
1117
14444
15513
23473
5503
5378
31015
10335
15533
15119
27253
1873
28545
31449
19589
32275
12452
21106
21235
10336
18743
20875
19835
23190
12657
28553
30138
18536
27785
2011
19001
979
23510
28810
6823
26707
19765
24337
10598
18006
18603
3952
1610
25329
24907
24956
1693
8146
3418
24697
32358
24438
18866
26858
7914
31132
3172
24744
7796
21497
19105
13618
3410
29485
5595
5188
31776
6134
5159
4779
22345
15523
22502
13655
7114
1740
23204
4274
18745
321
8000
29232
13574
12864
16205
18471
8962
25067
26553
15330
18205
9464
2220
12785
5236
32683
15539
9410
32139
13569
11038
3446
2518
5679
27047
20205
25727
26186
8532
22307
18531
9800
31390
27328
27998
23847
5330
20202
23240
12396
3256
17758
17215
24783
22131
3775
19879
32565
28328
26413
28528
28126
9954
12570
15383
480
4405
16985
19952
22740
20258
1912
11298
14031
18363
29008
20979
148
2311
24794
15174
9735
22696
1349
6753
4325
14267
24645
6900
27571
24064
25773
22103
21748
28731
25408
23828
21151
30170
14788
31141
6608
20951
30809
4223
32446
17120
28937
16719
8429
11958
26016
11651
10149
15571
18366
2060
8866
1103
16170
21090
25357
20740
27241
27337
24747
17393
3472
20436
32597
21212
9046
15655
18600
27451
1133
1408
28157
15445
6419
19961
9883
27813
18660
3719
15916
15999
7410
31687
26478
26614
18455
15866
10027
8700
2442
6477
27499
13003
7601
27487
8936
30596
12598
8701
26818
12566
2653
3888
6260
6242
23701
15993
24071
32157
31309
12123
5766
30453
22792
6426
5297
25207
7092
7107
7669
16176
5943
620
13212
8594
1356
31421
31810
18202
22925
26031
24968
3376
27856
9620
13836
20303
29367
3416
30616
28773
28035
21766
409
4989
5161
14221
17363
18331
24232
7621
20820
10983
11417
31405
23462
18702
14856
15607
28233
14566
22146
31174
32352
15697
4719
13494
8875
28003
22179
26909
1973
10183
6703
14480
29775
21854
10877
25257
29244
16170
14748
27144
28462
31595
9944
2712
27122
13831
13710
25875
32743
22575
9790
969
28340
21312
26082
7325
24122
4839
18302
13392
1736
23177
31737
1794
1934
4578
15403
23029
341
17644
22839
6805
18797
23298
10011
28341
18662
18757
30085
6684
23555
17471
2793
23872
17899
13510
21968
12625
3234
29731
18547
1401
20792
4980
4744
24931
30784
12879
11612
4346
13956
10408
28194
15731
22007
2037
4746
6029
18155
14223
31638
30487
20868
12380
2730
5043
31597
7083
21730
15067
30153
22879
8359
10017
10093
12624
24965
23739
10060
13294
9783
12094
15154
3624
11524
21674
11958
21644
4687
10663
5738
2479
19817
2830
21332
25551
28585
26795
27298
5559
22975
30018
1433
7907
23365
6095
11727
26341
28823
530
6554
10247
4837
4171
7368
27954
20102
22083
4496
9998
5007
32139
19913
7275
29861
22792
30810
14816
18447
20912
21234
1201
24335
4238
19449
13558
18291
2572
27846
15098
19303
20081
30738
13282
9101
17321
19628
4495
3920
11333
24687
31173
18293
8130
26482
8332
32498
22542
31614
8662
26116
30792
22469
7779
25468
12487
31952
8162
30809
25695
20666
2137
412
13023
3996
4294
19544
3294
8264
6919
12297
13496
8506
23287
8998
20691
16843
6874
32250
29479
15272
7931
24495
14845
131
27795
27052
28150
28680
30701
17697
16720
10771
32200
9951
5221
20768
3069
17774
25460
20739
32097
30041
16804
32217
27885
24525
1350
7998
25628
1890
2395
15296
18581
3897
10326
14484
19722
30791
21539
8584
26976
18672
28519
11577
7696
21208
19466
20870
1741
2806
29427
31812
103
10218
6418
17459
26095
31376
26020
9777
10524
13525
28082
8878
18925
4809
2267
20320
29072
6646
25428
12600
13443
25329
28973
29332
16377
8494
9942
18870
30335
23832
6881
9077
16351
5217
29961
26162
4164
13463
20084
24846
27296
9209
26421
15194
25163
19592
21781
30800
24557
23905
3987
25344
11677
13897
32041
30348
3658
12682
26065
5784
25690
16382
28360
11261
11154
2921
914
31165
18998
4875
20542
15932
32113
30326
12523
29869
25846
25246
14987
19146
29160
21807
16615
7880
15608
10787
32228
6538
1997
10131
15876
14613
28072
31693
13871
24388
1864
25000
26292
14524
1547
24340
12171
4131
2647
20981
31197
24973
14648
16178
6853
16951
21834
6152
21337
28792
24282
27045
4580
8180
32584
10994
22646
22035
17327
7344
27807
27314
27336
28614
13431
280
18956
9689
25825
3371
3609
24606
25873
14563
23127
4204
2892
15872
3035
16534
5871
2040
9100
25591
2995
12852
7044
26446
21039
13947
11193
29389
16799
24495
16860
4716
30435
21687
12417
14467
7371
20412
22913
20120
2449
21912
22428
18549
21927
395
27491
28030
20403
14640
12118
19522
29145
23728
22345
3152
15416
18230
32524
4684
6327
13219
19530
10818
11265
22914
26546
11321
14286
22078
4437
20236
29285
13970
21583
7541
30558
13378
7594
16747
13741
31753
14975
6574
32476
4050
350
19872
7064
6443
10992
21334
2415
16374
7643
7151
17880
22881
12774
23076
19060
793
11870
5921
7827
32443
1976
2451
8698
24972
8311
25347
29924
27753
4433
1890
8518
8193
15501
25317
26967
24897
12463
21011
24400
16912
7767
20508
10864
16957
25959
24428
7492
7349
32100
24704
293
29946
15647
19192
15106
30928
17812
31982
11616
19002
5138
5255
31646
17828
32668
1991
4734
30818
9616
28330
6625
23385
2438
13168
13266
9724
27771
7480
11462
19835
7983
26832
290
1078
21451
25548
23550
19832
12999
15829
29481
31074
14091
1092
25709
7461
5460
31728
30740
23413
13018
19779
27818
4410
28464
13972
12293
14984
17771
14512
10627
9169
2182
29114
31123
15193
16133
6710
21111
5867
25049
22624
20040
459
644
24002
26170
9963
7293
773
28449
11105
5590
22024
16180
19737
13084
20015
24849
22983
639
6910
30722
4640
562
16614
14719
19786
1557
30814
8180
28817
8338
822
15044
3931
4804
27688
16269
18270
2015
25777
16558
11536
8140
13599
11526
23647
3347
29418
31999
419
18942
28999
12491
28369
10492
8187
1006
4337
17475
19565
31229
22994
4281
30976
10405
29180
6165
16031
25326
18150
7745
27802
10689
18793
13827
23216
1449
28789
2269
8557
11734
21507
22066
11446
8295
29770
28073
23714
4073
310
10455
10379
18970
13846
10264
30821
31731
7573
22205
10319
30438
20971
31341
27240
23397
3412
20933
31460
19619
7873
1602
23135
4510
5838
30049
624
18269
16629
5380
18562
2166
15617
30488
25311
11732
19653
12405
17422
3255
10765
9989
16479
22012
30933
2857
12740
31391
10681
88
3554
14718
24749
14602
8808
14944
13294
2516
27552
23093
22329
14292
14660
3232
1850
1615
5522
30386
18759
18329
8866
9977
21326
30005
25080
3769
12300
4926
6742
8313
29568
25349
20435
14273
5024
10492
561
11811
14666
2515
9580
16760
7549
17120
2191
12140
18121
16836
7883
10813
15108
24396
24266
2751
31039
16789
11329
25508
20472
10612
32709
23034
25490
12052
16607
26357
30978
12769
1634
26351
22730
32677
12540
6573
24107
30449
5132
30692
1686
10431
8371
507
5477
15701
18222
27667
8136
8301
611
19269
5378
14482
16825
10282
5845
11725
9517
6817
13882
897
16291
21196
26710
2452
21369
13148
18346
26831
15714
24847
30090
20104
370
27510
12240
31614
11893
29436
28369
14852
2949
28708
8080
32610
17372
18
20018
15480
1254
23117
21682
8612
17050
21443
25046
23014
5643
4878
27746
322
27194
23029
26251
23142
27439
2102
17838
1933
27464
15235
12866
19107
13008
12490
29708
4266
28115
19129
28305
19548
11313
24962
16849
25618
10226
16347
25394
14052
17881
29001
17083
32018
1084
17823
20610
1955
19475
11713
30312
9035
22606
21934
23043
8850
10092
8126
31452
21299
11081
25896
219
25282
11063
8134
20223
30354
3153
24861
11858
31446
29708
15000
9501
27910
30991
31508
20056
9605
22085
26017
17764
25728
21552
17799
31229
9753
23680
904
106
453
27620
8293
12790
6386
22048
14500
12708
22766
4192
30095
10527
5124
30155
3968
20976
13800
14940
17756
7923
5973
32749
27998
6668
13556
16789
790
18966
19840
2356
22193
13596
11048
9036
16762
21196
7220
17683
929
808
24300
22726
12091
23935
1205
25663
17547
27548
4222
15818
25472
9533
21594
821
13950
16327
21102
1830
31330
9783
9486
10417
18368
11612
12835
18730
366
22596
11728
21560
3143
16628
12373
3627
13353
31067
25395
7312
25152
30857
2449
32002
2183
26653
26590
24131
26251
26108
20152
3979
2931
3657
19724
31263
14653
24977
19839
22822
3402
23365
8973
9144
4637
19566
18672
23865
7776
20124
22980
16357
9511
25375
488
30123
23417
4730
28967
21311
22285
8213
3992
18795
2641
9778
31170
166
16816
11810
2052
21223
1557
6329
25909
6075
2219
27391
30855
30358
31720
21288
9905
13158
32201
31175
11853
10606
30559
29502
9086
26706
5514
25977
20183
10094
16133
13788
29560
876
11170
21369
16506
14870
215
29063
29070
22632
6010
17935
25312
3818
20169
8425
7234
8253
4269
28391
6022
7667
27456
32080
17963
26532
25484
4496
6717
8253
26006
10541
5750
3484
30107
30205
10665
5722
1689
27287
22881
20968
6673
27399
32709
24286
3339
30150
8382
29583
13916
22761
6748
23777
14884
18328
13430
24412
13978
25538
21393
11904
11788
4111
21251
28252
21025
7702
19033
29532
5218
11473
16885
13411
8184
19277
6908
8985
8375
13222
11887
24199
31580
12851
26519
29665
23315
3326
23975
8610
14397
32631
12445
20702
15471
7785
11625
14548
10174
14380
32081
24772
6970
1309
25748
29696
27832
15435
21581
7236
26581
24691
21403
22090
8247
22831
1023
29850
14614
11370
17669
17568
17915
27671
15143
2560
10440
11298
15854
17454
4345
5287
29018
29241
41
25699
3716
18663
30680
30568
8066
3847
13419
9748
12939
5123
6516
4163
18523
29877
13108
10436
473
8827
29023
5386
20728
24718
32542
13604
12507
11151
23642
26608
10556
16227
7224
24459
8462
12097
27872
6667
17505
17417
19587
21105
391
5336
3996
32217
24949
3545
7286
10484
16235
22878
32750
18872
9176
24367
16250
22870
18040
20001
3178
19053
31679
25579
15470
12157
4474
26422
11097
9630
24244
2035
27172
22386
2774
6641
24374
11352
20499
23983
15330
30690
15619
19311
27442
15754
14734
5259
24035
23712
21260
20236
22448
14471
5034
32633
8660
12577
26896
29933
18122
32648
24129
11116
15191
19199
11458
10359
6346
2600
26878
1502
19587
1143
19945
7894
24754
2022
27620
4939
16993
9962
16097
5496
10421
4774
28615
13748
368
25951
17688
8335
1723
28977
1745
797
25123
26368
22929
2450
225
27057
21758
11279
32094
24985
22884
15804
16886
9269
26784
29207
18684
17436
1597
19596
7679
7475
25308
11845
1100
28960
22233
30275
26292
10241
28715
26542
29840
2397
6028
19049
4098
346
4315
31210
29053
17969
23230
22089
9351
29152
12683
19350
16829
25631
14697
25456
2584
148
5042
5331
18288
7498
25500
17970
5694
13664
1561
13766
31910
13310
251
15397
29365
27533
27996
7446
16359
3368
24893
23204
20972
13389
7277
15985
28843
23257
31917
3405
29576
18739
32017
6407
23522
22215
17577
9347
30944
3766
2145
19981
30830
3275
17446
29677
2434
9906
3914
18236
29604
13668
4138
246
18349
4838
21262
27984
3535
8243
2128
16715
5333
26487
28097
28297
18092
11901
26440
26975
9763
3435
2764
5421
23023
23981
9044
19178
26866
5423
28525
11779
3005
25039
7885
17254
14163
6418
21301
32473
17711
20501
10396
14993
23689
12231
2185
19712
214
22870
19649
12526
27022
28391
29986
29643
1841
5258
29903
24132
22924
32109
23181
2836
31545
22864
22637
24605
1637
13880
28332
7607
14037
10856
15831
30792
27947
23181
17458
28693
30566
12345
2651
23383
17065
21650
811
22162
23101
17228
8925
3874
22488
2516
29042
7190
10528
1742
7251
22850
20075
15810
19257
30864
30409
4882
15434
15767
7492
1072
27525
5999
2918
12301
18783
3267
25852
17365
17582
11815
8474
8153
11207
684
5215
18637
10467
8882
28794
31027
24008
29950
23789
26391
25253
16909
3345
4605
11325
4519
30555
11544
7495
1719
4573
31164
18197
11609
14352
9750
7541
28469
7632
1051
8661
8716
29608
11454
18858
25744
8272
25446
9234
15737
13172
19871
695
12501
30135
21263
10743
16287
14840
14765
19523
1428
21460
21037
21701
26946
22380
18622
17734
4706
1640
28152
11086
6759
3644
3088
28813
11095
31657
7247
2681
218
1927
28866
19769
32657
8387
9778
26050
22184
22436
29270
16192
24495
3666
8776
22455
12453
4760
23862
18410
100
